,mlbam,name,single,double,tiple,hr,e_single,e_double,e_triple,e_hr,l_single,l_double,l_triple,l_hr,AB,e_AB,l_AB
0,112526,Bartolo Colon,2,2,0,1,2,2,0,1,0,0,0,0,89,89,0
1,150029,Jayson Werth,121,41,0,32,96,31,0,24,25,10,0,8,942,770,172
2,276520,Bronson Arroyo,4,0,0,0,4,0,0,0,0,0,0,0,29,28,1
3,279571,Matt Belisle,0,0,0,0,0,0,0,0,0,0,0,0,4,4,0
4,282332,CC Sabathia,0,0,0,0,0,0,0,0,0,0,0,0,6,6,0
5,285064,Ryan Vogelsong,1,0,0,0,1,0,0,0,0,0,0,0,23,23,0
6,400085,Ichiro Suzuki,122,21,0,4,88,13,0,1,34,8,0,3,620,443,177
7,400284,Chase Utley,151,56,0,23,112,46,0,23,39,10,0,0,1153,901,252
8,405395,Albert Pujols,285,55,0,72,218,39,0,60,67,16,0,12,1766,1415,351
9,407781,Marlon Byrd,20,6,0,5,15,4,0,5,5,2,0,0,129,101,28
10,407812,Matt Holliday,114,41,0,41,89,34,0,35,25,7,0,6,930,758,172
11,407893,Mark Teixeira,48,16,0,15,40,14,0,9,8,2,0,6,438,338,100
12,407908,Joel Peralta,0,0,0,0,0,0,0,0,0,0,0,0,2,2,0
13,408045,Joe Mauer,310,84,0,24,260,70,0,21,50,14,0,3,1703,1376,327
14,408047,Justin Morneau,32,14,0,6,28,10,0,6,4,4,0,0,218,168,50
15,408241,Jake Peavy,5,0,0,0,5,0,0,0,0,0,0,0,31,31,0
16,408252,Brandon Phillips,231,68,0,25,182,59,0,21,49,9,0,4,1215,973,242
17,408299,Omar Infante,22,9,0,0,17,8,0,0,5,1,0,0,149,117,32
18,408307,Carl Crawford,12,2,0,0,9,2,0,0,3,0,0,0,87,61,26
19,424144,Oliver Perez,1,1,0,0,1,1,0,0,0,0,0,0,3,2,1
20,424825,Coco Crisp,61,28,0,15,51,19,0,13,10,9,0,2,527,422,105
21,425492,Ryan Madson,0,0,0,0,0,0,0,0,0,0,0,0,2,1,1
22,425509,Jhonny Peralta,60,17,0,8,42,13,0,6,18,4,0,2,371,287,84
23,425532,Jerome Williams,0,0,0,0,0,0,0,0,0,0,0,0,2,2,0
24,425626,Chris Capuano,0,0,0,0,0,0,0,0,0,0,0,0,1,0,1
25,425766,James Loney,65,16,0,9,47,12,0,7,18,4,0,2,368,291,77
26,425772,Jeff Mathis,78,23,0,6,63,19,0,4,15,4,0,2,558,450,108
27,425783,Shin-Soo Choo,221,56,0,50,180,46,0,41,41,10,0,9,1502,1200,302
28,425794,Adam Wainwright,11,9,0,4,10,8,0,4,1,1,0,0,132,127,5
29,425796,Jeff Francoeur,55,15,0,7,38,13,0,7,17,2,0,0,331,225,106
30,425844,Zack Greinke,30,9,0,0,29,9,0,0,1,0,0,0,202,197,5
31,425856,Gavin Floyd,0,0,0,0,0,0,0,0,0,0,0,0,1,0,1
32,425877,Yadier Molina,286,85,0,45,226,69,0,37,60,16,0,8,1619,1298,321
33,425900,Dioner Navarro,44,13,0,6,35,8,0,6,9,5,0,0,337,256,81
34,425902,Prince Fielder,45,16,0,8,41,13,0,7,4,3,0,1,370,297,73
35,429664,Robinson Cano,290,87,0,72,239,72,0,57,51,15,0,15,1698,1359,339
36,429665,Edwin Encarnacion,246,71,0,115,191,57,0,92,55,14,0,23,1997,1600,397
37,429711,Franklin Gutierrez,47,12,0,15,40,9,0,14,7,3,0,1,347,275,72
38,429719,Edwin Jackson,6,1,0,0,6,1,0,0,0,0,0,0,50,50,0
39,429722,Ervin Santana,1,1,0,0,1,1,0,0,0,0,0,0,16,15,1
40,429780,Chris Narveson,0,0,0,0,0,0,0,0,0,0,0,0,3,2,1
41,430001,Rickie Weeks,37,15,0,11,31,11,0,10,6,4,0,1,317,214,103
42,430580,Alfredo Simon,1,0,0,0,1,0,0,0,0,0,0,0,19,19,0
43,430599,Joe Blanton,0,0,0,0,0,0,0,0,0,0,0,0,1,1,0
44,430603,Don Kelly,2,0,0,0,2,0,0,0,0,0,0,0,30,22,8
45,430605,Ryan Raburn,40,11,0,11,33,9,0,9,7,2,0,2,326,246,80
46,430641,Blaine Boyer,0,0,0,0,0,0,0,0,0,0,0,0,1,1,0
47,430661,Dustin McGowan,0,0,0,0,0,0,0,0,0,0,0,0,11,6,5
48,430910,Brayan Pena,1,1,0,0,1,1,0,0,0,0,0,0,14,7,7
49,430912,Matt Cain,3,3,0,1,3,3,0,1,0,0,0,0,62,62,0
50,430935,Cole Hamels,3,0,0,1,3,0,0,1,0,0,0,0,38,36,2
51,430947,Erick Aybar,132,34,0,10,102,26,0,9,30,8,0,1,828,637,191
52,431148,Scott Kazmir,5,0,0,0,5,0,0,0,0,0,0,0,50,49,1
53,431171,Casey McGehee,20,1,0,0,16,1,0,0,4,0,0,0,96,74,22
54,433217,Andres Blanco,46,19,0,7,33,8,0,6,13,11,0,1,353,211,142
55,433589,Yusmeiro Petit,1,0,0,0,1,0,0,0,0,0,0,0,7,4,3
56,434158,Curtis Granderson,157,71,0,69,126,58,0,50,31,13,0,19,1584,1251,333
57,434378,Justin Verlander,3,0,0,0,3,0,0,0,0,0,0,0,20,20,0
58,434538,Francisco Liriano,10,1,0,1,10,1,0,1,0,0,0,0,44,42,2
59,434567,Geovany Soto,17,5,0,7,11,4,0,5,6,1,0,2,134,103,31
60,434622,Ubaldo Jimenez,1,0,0,0,1,0,0,0,0,0,0,0,9,9,0
61,434628,Jason Hammel,13,3,0,0,12,3,0,0,1,0,0,0,81,77,4
62,434658,Rajai Davis,167,49,0,18,134,39,0,12,33,10,0,6,1106,849,257
63,434670,Hanley Ramirez,208,62,0,59,168,44,0,54,40,18,0,5,1374,1094,280
64,434671,Anibal Sanchez,1,0,0,0,1,0,0,0,0,0,0,0,53,53,0
65,434778,Kendrys Morales,246,64,0,79,187,53,0,62,59,11,0,17,1690,1313,377
66,435043,Zach Duke,0,0,0,0,0,0,0,0,0,0,0,0,1,1,0
67,435062,Howie Kendrick,185,57,0,21,148,44,0,17,37,13,0,4,1054,827,227
68,435079,Ian Kinsler,277,83,0,64,223,67,0,56,54,16,0,8,1859,1521,338
69,435180,Robert Andino,7,0,0,0,4,0,0,0,3,0,0,0,24,18,6
70,435221,Brandon McCarthy,2,2,0,0,2,2,0,0,0,0,0,0,71,71,0
71,435263,Brian McCann,158,30,0,46,123,24,0,39,35,6,0,7,1172,924,248
72,435522,Neil Walker,200,41,0,48,160,29,0,36,40,12,0,12,1294,1014,280
73,435559,Kurt Suzuki,161,61,0,39,114,49,0,33,47,12,0,6,1071,815,256
74,435622,Ian Desmond,280,62,0,50,230,48,0,42,50,14,0,8,1695,1362,333
75,444379,John Jaso,91,44,0,18,73,41,0,12,18,3,0,6,733,577,156
76,444432,Mark Trumbo,225,61,0,88,181,50,0,73,44,11,0,15,1634,1300,334
77,444468,Hector Rondon,1,0,0,0,1,0,0,0,0,0,0,0,3,2,1
78,444482,David Peralta,235,65,0,48,190,54,0,37,45,11,0,11,1374,1084,290
79,444489,Manny Pina,128,39,0,20,96,36,0,14,32,3,0,6,780,589,191
80,444843,Andre Ethier,12,2,0,5,8,2,0,5,4,0,0,0,85,63,22
81,444857,Scott Feldman,1,0,0,0,1,0,0,0,0,0,0,0,40,39,1
82,444876,Alcides Escobar,315,82,0,17,236,67,0,14,79,15,0,3,1837,1450,387
83,445055,Jon Jay,272,65,0,7,211,52,0,6,61,13,0,1,1410,1101,309
84,445060,Ricky Nolasco,0,0,0,0,0,0,0,0,0,0,0,0,12,12,0
85,445213,Brandon Kintzler,0,0,0,0,0,0,0,0,0,0,0,0,1,1,0
86,445276,Kenley Jansen,1,1,0,0,0,0,0,0,1,1,0,0,7,0,7
87,445926,Jesse Chavez,0,0,0,0,0,0,0,0,0,0,0,0,7,6,1
88,445988,Martin Prado,197,55,0,11,168,47,0,10,29,8,0,1,1016,821,195
89,446263,Lucas Duda,104,49,0,50,86,37,0,43,18,12,0,7,1019,795,224
90,446308,Matt Wieters,174,45,0,35,137,33,0,28,37,12,0,7,1210,943,267
91,446321,Ross Detwiler,0,0,0,0,0,0,0,0,0,0,0,0,2,2,0
92,446334,Evan Longoria,266,102,0,72,215,85,0,58,51,17,0,14,1860,1498,362
93,446359,Zack Cozart,174,63,0,44,135,50,0,42,39,13,0,2,1256,1006,250
94,446372,Corey Kluber,2,1,0,0,2,1,0,0,0,0,0,0,16,16,0
95,446381,Darwin Barney,115,27,0,10,99,20,0,7,16,7,0,3,684,536,148
96,446386,Brandon Guyer,106,35,0,18,84,28,0,16,22,7,0,2,780,590,190
97,446399,Brett Cecil,0,0,0,0,0,0,0,0,0,0,0,0,1,1,0
98,448605,Justin Ruggiano,15,2,0,4,14,2,0,3,1,0,0,1,89,65,24
99,448609,Tony Sipp,0,0,0,0,0,0,0,0,0,0,0,0,1,0,1
100,448855,Junior Guerra,7,5,0,0,7,5,0,0,0,0,0,0,102,101,1
101,449168,Matt Tuiasosopo,0,0,0,0,0,0,0,0,0,0,0,0,3,2,1
102,449173,Lucas Harrell,0,0,0,0,0,0,0,0,0,0,0,0,8,8,0
103,449181,Paulo Orlando,129,30,0,7,97,23,0,6,32,7,0,1,663,501,162
104,450172,Edinson Volquez,5,0,0,0,5,0,0,0,0,0,0,0,35,34,1
105,450306,Jason Vargas,5,0,0,0,5,0,0,0,0,0,0,0,35,34,1
106,450308,Jered Weaver,0,0,0,0,0,0,0,0,0,0,0,0,19,19,0
107,450314,Ben Zobrist,265,84,0,39,210,59,0,29,55,25,0,10,1744,1367,377
108,450641,Quintin Berry,0,0,0,0,0,0,0,0,0,0,0,0,3,0,3
109,450665,Kris Medlen,0,0,0,0,0,0,0,0,0,0,0,0,1,1,0
110,450729,Doug Fister,1,0,0,0,1,0,0,0,0,0,0,0,9,9,0
111,451089,Shane Peterson,13,5,0,2,11,5,0,2,2,0,0,0,88,67,21
112,451594,Dexter Fowler,185,62,0,41,152,55,0,33,33,7,0,8,1433,1150,283
113,451596,Yovani Gallardo,3,0,0,0,3,0,0,0,0,0,0,0,10,10,0
114,451705,Alberto Rosario,5,2,0,0,2,2,0,0,3,0,0,0,44,25,19
115,452027,Andrew Albers,1,0,0,0,1,0,0,0,0,0,0,0,3,3,0
116,452095,Tyler Flowers,152,43,0,28,116,34,0,20,36,9,0,8,998,754,244
117,452104,Chase Headley,193,50,0,26,144,40,0,20,49,10,0,6,1197,939,258
118,452220,Stephen Drew,34,18,0,9,19,14,0,6,15,4,0,3,276,181,95
119,452234,Seth Smith,116,34,0,29,99,29,0,23,17,5,0,6,810,667,143
120,452252,Adam Lind,114,31,0,34,75,22,0,23,39,9,0,11,729,538,191
121,452254,Hunter Pence,213,46,0,30,162,37,0,26,51,9,0,4,1243,940,303
122,452655,Denard Span,275,78,0,34,208,61,0,26,67,17,0,8,1695,1321,374
123,452657,Jon Lester,14,6,0,2,14,6,0,2,0,0,0,0,218,211,7
124,452666,Tom Wilhelmsen,0,0,0,0,0,0,0,0,0,0,0,0,1,1,0
125,452672,Ryan Hanigan,36,6,0,3,27,4,0,3,9,2,0,0,224,182,42
126,452678,Asdrubal Cabrera,263,96,0,60,210,86,0,47,53,10,0,13,1697,1347,350
127,452718,Kyle Kendrick,0,0,0,0,0,0,0,0,0,0,0,0,2,2,0
128,453056,Jacoby Ellsbury,170,44,0,16,146,34,0,14,24,10,0,2,1047,834,213
129,453064,Troy Tulowitzki,129,31,0,32,96,28,0,26,33,3,0,6,840,663,177
130,453172,Jared Hughes,0,0,0,0,0,0,0,0,0,0,0,0,1,1,0
131,453178,Ian Kennedy,2,0,0,0,2,0,0,0,0,0,0,0,9,9,0
132,453203,Shane Robinson,24,4,0,2,20,3,0,2,4,1,0,0,200,160,40
133,453211,Drew Stubbs,17,0,0,3,12,0,0,2,5,0,0,1,118,85,33
134,453265,Tony Watson,0,0,0,0,0,0,0,0,0,0,0,0,2,0,2
135,453281,Wade LeBlanc,2,0,0,0,2,0,0,0,0,0,0,0,10,8,2
136,453286,Max Scherzer,36,3,0,1,35,3,0,1,1,0,0,0,241,232,9
137,453329,Clay Buchholz,1,1,0,0,1,1,0,0,0,0,0,0,42,41,1
138,453344,Brandon Morrow,0,0,0,0,0,0,0,0,0,0,0,0,2,1,1
139,453385,Clayton Richard,8,2,0,2,8,2,0,2,0,0,0,0,138,136,2
140,453562,Jake Arrieta,24,2,0,5,24,2,0,5,0,0,0,0,193,188,5
141,453568,Charlie Blackmon,362,101,0,92,295,90,0,78,67,11,0,14,2063,1697,366
142,453646,Carlos Villanueva,0,0,0,0,0,0,0,0,0,0,0,0,5,5,0
143,453923,Gregor Blanco,105,28,0,6,82,20,0,5,23,8,0,1,744,554,190
144,453943,Todd Frazier,181,59,0,86,140,52,0,70,41,7,0,16,1754,1379,375
145,454975,Hernan Iribarren,11,0,0,0,9,0,0,0,2,0,0,0,45,33,12
146,455104,Chris Iannetta,111,46,0,35,91,32,0,28,20,14,0,7,1019,785,234
147,455117,Martin Maldonado,142,44,0,32,117,30,0,23,25,14,0,9,1144,912,232
148,455139,Robinson Chirinos,95,39,0,44,76,29,0,37,19,10,0,7,903,708,195
149,455374,Antonio Bastardo,0,0,0,0,0,0,0,0,0,0,0,0,1,1,0
150,455976,Nick Markakis,349,120,0,34,269,98,0,30,80,22,0,4,2051,1605,446
151,456030,Dustin Pedroia,246,56,0,22,195,48,0,20,51,8,0,2,1204,974,230
152,456071,Yohan Flande,0,0,0,0,0,0,0,0,0,0,0,0,1,1,0
153,456078,Welington Castillo,168,41,0,40,135,31,0,31,33,10,0,9,995,780,215
154,456124,Erik Kratz,47,11,0,7,31,7,0,7,16,4,0,0,334,254,80
155,456422,Michael Bourn,76,13,0,5,59,9,0,5,17,4,0,0,419,313,106
156,456501,Johnny Cueto,12,0,0,0,11,0,0,0,1,0,0,0,150,148,2
157,456701,Homer Bailey,8,2,0,0,8,2,0,0,0,0,0,0,78,78,0
158,456714,Billy Butler,48,18,0,5,38,15,0,3,10,3,0,2,274,212,62
159,456715,Lorenzo Cain,344,72,0,34,276,61,0,27,68,11,0,7,1739,1416,323
160,456781,Donovan Solano,2,2,0,1,2,1,0,0,0,1,0,1,23,17,6
161,457454,Jarrod Saltalamacchia,25,5,0,12,21,3,0,9,4,2,0,3,326,241,85
162,457705,Andrew McCutchen,293,85,0,72,239,71,0,58,54,14,0,14,2014,1629,385
163,457708,Justin Upton,238,89,0,96,198,76,0,75,40,13,0,21,1859,1498,361
164,457727,Cameron Maybin,211,47,0,18,173,37,0,16,38,10,0,2,1223,945,278
165,457763,Buster Posey,306,89,0,31,251,74,0,25,55,15,0,6,1629,1267,362
166,457775,Desmond Jennings,25,7,0,7,17,5,0,5,8,2,0,2,226,178,48
167,457787,Danny Espinosa,101,25,0,30,81,22,0,23,20,3,0,7,917,713,204
168,457789,Jemile Weeks,5,1,0,0,5,1,0,0,0,0,0,0,57,50,7
169,457803,Jay Bruce,187,75,0,80,140,67,0,62,47,8,0,18,1582,1248,334
170,457926,Paul Janish,7,1,0,0,5,1,0,0,2,0,0,0,63,51,12
171,458006,Matt Albers,0,1,0,0,0,0,0,0,0,1,0,0,1,0,1
172,458015,Joey Votto,323,96,0,77,267,80,0,63,56,16,0,14,1972,1591,381
173,458085,Chris Coghlan,41,14,0,7,33,14,0,5,8,0,0,2,397,306,91
174,458582,Reid Brignac,4,2,0,0,3,2,0,0,1,0,0,0,29,21,8
175,458675,Colby Rasmus,72,18,0,25,55,13,0,18,17,5,0,7,590,448,142
176,458676,Josh Lindblom,0,0,0,0,0,0,0,0,0,0,0,0,2,2,0
177,458678,Mike Broadway,0,0,0,0,0,0,0,0,0,0,0,0,1,1,0
178,458681,Lance Lynn,2,2,0,0,2,2,0,0,0,0,0,0,65,64,1
179,458708,Josh Tomlin,2,1,0,0,2,1,0,0,0,0,0,0,15,14,1
180,458731,Brett Gardner,308,70,0,40,250,58,0,28,58,12,0,12,1988,1597,391
181,459431,Michael Saunders,98,42,0,31,78,32,0,22,20,10,0,9,812,625,187
182,459964,Matthew Joyce,114,51,0,45,93,38,0,32,21,13,0,13,1070,827,243
183,460026,Nick Hundley,125,56,0,29,91,46,0,22,34,10,0,7,921,683,238
184,460060,Cliff Pennington,70,10,0,6,52,7,0,5,18,3,0,1,439,312,127
185,460077,Drew Butera,67,22,0,10,51,17,0,8,16,5,0,2,488,361,127
186,460099,Nolan Reimold,29,9,0,6,21,9,0,4,8,0,0,2,228,172,56
187,460283,Jerry Blevins,1,0,0,0,0,0,0,0,1,0,0,0,3,1,2
188,461416,Will Venable,0,1,0,0,0,0,0,0,0,1,0,0,19,16,3
189,461829,Gio Gonzalez,14,3,0,0,14,3,0,0,0,0,0,0,193,191,2
190,461833,Phil Hughes,0,0,0,0,0,0,0,0,0,0,0,0,3,3,0
191,461858,Trevor Plouffe,99,20,0,22,67,18,0,20,32,2,0,2,669,513,156
192,461865,Andrew Romine,105,24,0,6,79,20,0,3,26,4,0,3,674,489,185
193,462101,Elvis Andrus,300,94,0,34,244,76,0,30,56,18,0,4,1685,1357,328
194,462515,Miguel Socolovich,0,0,0,0,0,0,0,0,0,0,0,0,1,0,1
195,463610,Gregorio Petit,47,15,0,2,42,13,0,1,5,2,0,1,290,222,68
196,465041,Francisco Cervelli,171,41,0,18,132,32,0,15,39,9,0,3,1096,870,226
197,465753,Pedro Florimon,21,11,0,2,17,7,0,0,4,4,0,2,149,94,55
198,466320,Melky Cabrera,290,89,0,37,234,75,0,30,56,14,0,7,1602,1292,310
199,466948,Jean Machi,0,0,0,0,0,0,0,0,0,0,0,0,1,1,0
200,466988,Emilio Bonifacio,11,1,0,0,6,0,0,0,5,1,0,0,88,52,36
201,467008,Pedro Strop,0,0,0,0,0,0,0,0,0,0,0,0,4,1,3
202,467055,Pablo Sandoval,73,21,0,18,59,16,0,14,14,5,0,4,535,407,128
203,467092,Wilson Ramos,216,53,0,48,167,40,0,41,49,13,0,7,1152,911,241
204,467100,Ivan Nova,5,0,0,0,5,0,0,0,0,0,0,0,144,141,3
205,467827,Gerardo Parra,238,68,0,22,186,57,0,19,52,11,0,3,1251,969,282
206,468504,Jhoulys Chacin,21,3,0,0,21,3,0,0,0,0,0,0,142,141,1
207,471822,Jumbo Diaz,0,0,0,0,0,0,0,0,0,0,0,0,1,1,0
208,472528,Luis Valbuena,111,41,0,44,84,37,0,36,27,4,0,8,1019,788,231
209,472551,Fernando Abad,0,0,0,0,0,0,0,0,0,0,0,0,1,0,1
210,473724,Matt McBride,6,3,0,0,6,3,0,0,0,0,0,0,44,32,12
211,474233,Hank Conger,16,5,0,3,12,2,0,3,4,3,0,0,138,102,36
212,474521,Shawn Tolleson,0,0,0,0,0,0,0,0,0,0,0,0,1,1,0
213,474568,Jordy Mercer,243,75,0,31,191,58,0,25,52,17,0,6,1551,1207,344
214,474699,Vance Worley,4,0,0,0,4,0,0,0,0,0,0,0,27,27,0
215,474832,Brandon Belt,194,86,0,49,149,70,0,38,45,16,0,11,1570,1220,350
216,474865,Julio Borbon,4,0,0,0,4,0,0,0,0,0,0,0,15,12,3
217,475115,Tyson Ross,7,0,0,1,7,0,0,1,0,0,0,0,47,44,3
218,475174,Yonder Alonso,238,75,0,57,183,59,0,43,55,16,0,14,1621,1267,354
219,475243,Travis Wood,4,0,0,3,3,0,0,3,1,0,0,0,31,24,7
220,475247,Ryan Flaherty,54,11,0,5,42,9,0,3,12,2,0,2,386,269,117
221,475253,Justin Smoak,185,71,0,77,145,60,0,49,40,11,0,28,1560,1212,348
222,475479,David Phelps,2,0,0,0,2,0,0,0,0,0,0,0,14,14,0
223,476451,Jeremy Hellickson,10,3,0,0,10,3,0,0,0,0,0,0,140,140,0
224,476454,Dellin Betances,0,0,0,0,0,0,0,0,0,0,0,0,1,0,1
225,476570,Vin Mazzaro,0,0,0,0,0,0,0,0,0,0,0,0,1,1,0
226,476589,Adam Warren,0,0,0,0,0,0,0,0,0,0,0,0,4,2,2
227,476633,Chris Parmelee,1,1,0,2,1,1,0,2,0,0,0,0,8,7,1
228,476704,Jed Lowrie,259,98,0,39,201,78,0,26,58,20,0,13,1685,1315,370
229,477132,Clayton Kershaw,24,5,0,0,24,5,0,0,0,0,0,0,194,186,8
230,477569,Fernando Salas,1,0,0,0,1,0,0,0,0,0,0,0,3,1,2
231,485567,Ezequiel Carrera,120,19,0,15,93,16,0,9,27,3,0,6,672,520,152
232,488671,Alex Avila,96,25,0,28,70,17,0,26,26,8,0,2,811,622,189
233,488681,Brandon Barnes,18,6,0,1,11,5,0,1,7,1,0,0,131,82,49
234,488721,Peter Bourjos,87,31,0,11,63,20,0,10,24,11,0,1,635,474,161
235,488726,Michael Brantley,202,58,0,26,164,46,0,21,38,12,0,5,1071,873,198
236,488768,Andrew Cashner,7,0,0,0,7,0,0,0,0,0,0,0,50,49,1
237,488771,Jason Castro,98,41,0,21,80,32,0,19,18,9,0,2,854,678,176
238,488810,Tony Cruz,2,1,0,1,2,1,0,1,0,0,0,0,31,20,11
239,488818,Chase d'Arnaud,60,21,0,5,42,16,0,4,18,5,0,1,423,302,121
240,488846,Brian Duensing,0,0,0,0,0,0,0,0,0,0,0,0,6,5,1
241,488862,Yunel Escobar,191,48,0,12,157,40,0,10,34,8,0,2,952,779,173
242,488912,Tuffy Gosewisch,11,1,0,3,10,0,0,2,1,1,0,1,130,104,26
243,488984,Tommy Hunter,0,0,0,0,0,0,0,0,0,0,0,0,1,0,1
244,489119,Wade Miley,9,1,0,0,9,1,0,0,0,0,0,0,51,51,0
245,489149,Logan Morrison,147,53,0,67,123,45,0,56,24,8,0,11,1344,1054,290
246,489232,Anthony Recker,16,8,0,2,13,5,0,2,3,3,0,0,119,87,32
247,489265,Sergio Romo,0,0,0,0,0,0,0,0,0,0,0,0,1,0,1
248,489267,Adam Rosales,65,29,0,21,46,22,0,16,19,7,0,5,586,438,148
249,489305,Xavier Scruggs,9,3,0,1,9,2,0,1,0,1,0,0,69,57,12
250,489334,Craig Stammen,2,1,0,0,2,1,0,0,0,0,0,0,8,8,0
251,489365,Josh Thole,16,3,0,1,13,2,0,1,3,1,0,0,136,104,32
252,489446,Kirby Yates,0,0,0,0,0,0,0,0,0,0,0,0,3,1,2
253,490063,Matt Garza,4,0,0,0,4,0,0,0,0,0,0,0,70,70,0
254,491676,Gorkys Hernandez,130,41,0,17,100,37,0,16,30,4,0,1,860,640,220
255,491696,Jesus Sucre,72,13,0,9,55,10,0,7,17,3,0,2,416,319,97
256,491708,Arquimedes Caminero,0,0,0,0,0,0,0,0,0,0,0,0,2,2,0
257,492802,Juan Graterol,17,6,0,0,12,5,0,0,5,1,0,0,112,92,20
258,493114,Nori Aoki,152,44,0,9,122,40,0,9,30,4,0,0,841,673,168
259,493128,Munenori Kawasaki,5,2,0,0,2,1,0,0,3,1,0,0,26,14,12
260,493193,Dae-ho Lee,51,9,0,14,46,9,0,10,5,0,0,4,317,250,67
261,493200,Seunghwan Oh,0,0,0,0,0,0,0,0,0,0,0,0,2,0,2
262,493316,Yoenis Cespedes,146,48,0,56,119,39,0,49,27,9,0,7,1009,804,205
263,493329,Yuli Gurriel,244,92,0,37,189,73,0,33,55,19,0,4,1383,1092,291
264,493343,Hector Olivera,3,1,0,0,2,1,0,0,1,0,0,0,21,17,4
265,493351,Alexei Ramirez,85,22,0,6,70,15,0,6,15,7,0,0,507,389,118
266,493596,Gordon Beckham,40,17,0,5,29,13,0,4,11,4,0,1,348,256,92
267,499624,Chris Colabello,2,0,0,0,1,0,0,0,1,0,0,0,32,25,7
268,500208,Yangervis Solarte,223,66,0,49,191,55,0,35,32,11,0,14,1452,1149,303
269,500779,Jose Quintana,7,0,0,0,7,0,0,0,0,0,0,0,97,96,1
270,500871,Eduardo Escobar,216,78,0,50,184,58,0,36,32,20,0,14,1496,1165,331
271,500887,Josmil Pinto,0,0,0,0,0,0,0,0,0,0,0,0,6,5,1
272,501213,Moises Sierra,7,2,0,0,5,2,0,0,2,0,0,0,60,42,18
273,501255,Rafael Ynoa,0,0,0,0,0,0,0,0,0,0,0,0,5,4,1
274,501303,Ehire Adrianza,95,34,0,10,72,28,0,10,23,6,0,0,618,466,152
275,501381,Michael Pineda,1,0,0,0,1,0,0,0,0,0,0,0,5,5,0
276,501571,Juan Lagares,80,24,0,6,53,14,0,5,27,10,0,1,491,352,139
277,501593,Luis Avilan,0,0,0,0,0,0,0,0,0,0,0,0,3,3,0
278,501697,Jhan Marinez,0,1,0,0,0,0,0,0,0,1,0,0,9,5,4
279,501888,Ryan Kalish,2,0,0,0,2,0,0,0,0,0,0,0,10,5,5
280,501936,Matt Buschmann,0,0,0,0,0,0,0,0,0,0,0,0,1,1,0
281,501957,Chris Tillman,0,0,0,0,0,0,0,0,0,0,0,0,3,3,0
282,501981,Khris Davis,201,78,0,133,155,68,0,104,46,10,0,29,1902,1487,415
283,501985,Mike Minor,0,1,0,0,0,1,0,0,0,0,0,0,3,3,0
284,501986,Cedric Hunter,2,0,0,1,2,0,0,1,0,0,0,0,36,28,8
285,501992,Nate Karns,0,0,0,0,0,0,0,0,0,0,0,0,1,1,0
286,502004,George Kontos,0,0,0,0,0,0,0,0,0,0,0,0,2,2,0
287,502009,Mat Latos,0,0,0,1,0,0,0,1,0,0,0,0,8,8,0
288,502026,Jeremy Jeffress,0,0,0,0,0,0,0,0,0,0,0,0,3,2,1
289,502028,Blake Wood,0,0,0,0,0,0,0,0,0,0,0,0,3,2,1
290,502029,Chris Marrero,4,0,0,1,4,0,0,1,0,0,0,0,41,33,8
291,502032,Bud Norris,5,0,0,0,5,0,0,0,0,0,0,0,38,37,1
292,502034,Emmanuel Burriss,3,1,0,0,1,0,0,0,2,1,0,0,50,30,20
293,502042,Chris Archer,3,1,0,0,3,1,0,0,0,0,0,0,33,33,0
294,502046,Jeff Locke,4,0,0,0,3,0,0,0,1,0,0,0,50,47,3
295,502051,Josh Ravin,0,0,0,0,0,0,0,0,0,0,0,0,2,1,1
296,502054,Tommy Pham,199,47,0,53,164,41,0,36,35,6,0,17,1276,1007,269
297,502082,Lonnie Chisenhall,135,47,0,22,107,37,0,20,28,10,0,2,826,641,185
298,502100,Alex Presley,80,12,0,6,59,8,0,5,21,4,0,1,399,303,96
299,502117,Kristopher Negron,9,1,0,1,8,0,0,1,1,1,0,0,64,48,16
300,502143,Danny Valencia,222,48,0,41,178,35,0,29,44,13,0,12,1296,1018,278
301,502151,Chad Huffman,3,0,0,0,2,0,0,0,1,0,0,0,15,11,4
302,502171,Alex Cobb,1,0,0,0,1,0,0,0,0,0,0,0,13,12,1
303,502179,Paolo Espino,1,0,0,0,1,0,0,0,0,0,0,0,5,5,0
304,502182,Steve Clevenger,11,3,0,1,10,3,0,1,1,0,0,0,76,60,16
305,502188,Jeff Samardzija,9,7,0,1,9,7,0,1,0,0,0,0,148,143,5
306,502190,Mike Leake,13,2,0,0,13,2,0,0,0,0,0,0,114,112,2
307,502205,Grant Green,9,2,0,1,6,1,0,1,3,1,0,0,53,40,13
308,502210,Josh Reddick,279,66,0,41,220,46,0,33,59,20,0,8,1583,1256,327
309,502211,Mike Bolsinger,0,0,0,0,0,0,0,0,0,0,0,0,9,9,0
310,502212,Austin Bibens-Dirkx,0,0,0,0,0,0,0,0,0,0,0,0,3,3,0
311,502226,Craig Gentry,56,11,0,3,41,7,0,2,15,4,0,1,322,235,87
312,502239,Trevor Cahill,4,1,0,0,4,1,0,0,0,0,0,0,29,25,4
313,502261,Cole Gillespie,7,3,0,0,2,2,0,0,5,1,0,0,55,31,24
314,502273,Mike Freeman,7,3,0,1,5,1,0,1,2,2,0,0,90,55,35
315,502285,Tyler Ladendorf,4,0,0,0,3,0,0,0,1,0,0,0,51,36,15
316,502317,Chris Heisey,24,6,0,11,15,3,0,5,9,3,0,6,239,147,92
317,502374,Michael McKenry,0,0,0,0,0,0,0,0,0,0,0,0,2,2,0
318,502481,Jarrod Dyson,156,31,0,8,124,22,0,7,32,9,0,1,955,743,212
319,502523,Shawn O'Malley,35,9,0,2,26,6,0,2,9,3,0,0,236,172,64
320,502544,Nick Buss,7,7,0,1,3,5,0,1,4,2,0,0,90,69,21
321,502570,Rocky Gale,0,0,0,1,0,0,0,1,0,0,0,0,12,9,3
322,502582,Logan Schafer,11,3,0,0,9,3,0,0,2,0,0,0,74,58,16
323,502593,Jake Petricka,0,0,0,0,0,0,0,0,0,0,0,0,1,1,0
324,502671,Paul Goldschmidt,305,102,0,95,251,76,0,78,54,26,0,17,2040,1629,411
325,502676,Cole Figueroa,4,0,0,0,3,0,0,0,1,0,0,0,27,16,11
326,502706,Derek Holland,4,1,0,0,4,1,0,0,0,0,0,0,57,57,0
327,502748,Brad Peacock,1,1,0,0,1,1,0,0,0,0,0,0,10,10,0
328,503351,Blake Lalli,1,1,0,0,0,1,0,0,1,0,0,0,13,9,4
329,503437,James Beresford,4,1,0,0,3,1,0,0,1,0,0,0,24,18,6
330,503449,Wily Peralta,6,1,0,1,6,1,0,1,0,0,0,0,56,56,0
331,503556,Marwin Gonzalez,251,90,0,55,204,71,0,42,47,19,0,13,1671,1302,369
332,504379,Juan Nicasio,3,0,0,0,3,0,0,0,0,0,0,0,21,20,1
333,506433,Yu Darvish,1,1,0,1,1,1,0,1,0,0,0,0,41,41,0
334,506560,Alexi Amarista,62,12,0,3,45,9,0,3,17,3,0,0,328,232,96
335,506693,Henderson Alvarez III,0,0,0,0,0,0,0,0,0,0,0,0,6,6,0
336,506702,Sandy Leon,128,44,0,20,96,33,0,14,32,11,0,6,904,694,210
337,506924,Stephen Cardullo,10,3,0,2,9,2,0,2,1,1,0,0,91,67,24
338,514913,Ruben Tejada,26,11,0,0,21,10,0,0,5,1,0,0,202,156,46
339,516416,Jean Segura,384,100,0,41,316,78,0,38,68,22,0,3,1887,1529,358
340,516472,Francisco Arcia,10,5,0,6,8,4,0,4,2,1,0,2,106,84,22
341,516770,Starlin Castro,326,82,0,49,261,68,0,42,65,14,0,7,1763,1405,358
342,516782,Starling Marte,270,73,0,36,220,58,0,25,50,15,0,11,1472,1166,306
343,516809,Junior Lake,3,3,0,1,2,3,0,0,1,0,0,1,40,30,10
344,516910,Carlos Frias,0,0,0,0,0,0,0,0,0,0,0,0,1,0,1
345,517369,Jose Pirela,131,49,0,15,104,43,0,12,27,6,0,3,844,661,183
346,517370,Jimmy Paredes,22,8,0,5,12,4,0,3,10,4,0,2,168,118,50
347,517414,Randall Delgado,0,0,0,0,0,0,0,0,0,0,0,0,11,9,2
348,517448,Wilfredo Boscan,1,0,0,0,1,0,0,0,0,0,0,0,3,2,1
349,518397,Scott Alexander,0,0,0,0,0,0,0,0,0,0,0,0,9,5,4
350,518452,Chad Bettis,6,0,0,0,6,0,0,0,0,0,0,0,112,112,0
351,518466,Jabari Blash,34,9,0,8,24,6,0,7,10,3,0,1,325,247,78
352,518468,Michael Blazek,0,0,0,0,0,0,0,0,0,0,0,0,2,1,1
353,518490,Bryce Brentz,13,3,0,1,11,2,0,1,2,1,0,0,64,51,13
354,518516,Madison Bumgarner,16,8,0,6,14,8,0,6,2,0,0,0,185,176,9
355,518553,Steve Cishek,1,0,0,0,1,0,0,0,0,0,0,0,5,5,0
356,518567,Josh Collmenter,0,0,0,0,0,0,0,0,0,0,0,0,7,7,0
357,518568,Christian Colon,34,7,0,1,25,4,0,0,9,3,0,1,217,165,52
358,518577,Collin Cowgill,1,0,0,0,0,0,0,0,1,0,0,0,14,10,4
359,518595,Travis d'Arnaud,102,26,0,20,84,21,0,16,18,5,0,4,662,508,154
360,518614,Daniel Descalso,136,51,0,33,105,40,0,22,31,11,0,11,1120,842,278
361,518618,Derek Dietrich,212,68,0,35,176,50,0,30,36,18,0,5,1404,1120,284
362,518625,Matt Dominguez,0,0,0,0,0,0,0,0,0,0,0,0,12,9,3
363,518626,Josh Donaldson,181,72,0,79,130,60,0,67,51,12,0,12,1452,1161,291
364,518633,Danny Duffy,2,0,0,0,2,0,0,0,0,0,0,0,10,9,1
365,518649,Brett Eibner,23,10,0,8,16,9,0,7,7,1,0,1,244,177,67
366,518653,Jake Elmore,15,2,0,0,12,2,0,0,3,0,0,0,99,71,28
367,518692,Freddie Freeman,287,121,0,85,217,101,0,70,70,20,0,15,1893,1486,407
368,518693,Sam Freeman,0,0,0,0,0,0,0,0,0,0,0,0,3,3,0
369,518700,Eric Fryer,34,7,0,0,22,4,0,0,12,3,0,0,216,150,66
370,518715,Cory Gearrin,1,0,0,0,0,0,0,0,1,0,0,0,3,1,2
371,518716,Dillon Gee,0,0,0,0,0,0,0,0,0,0,0,0,3,3,0
372,518735,Yasmani Grandal,165,65,0,75,136,47,0,60,29,18,0,15,1536,1179,357
373,518748,Justin Grimm,0,0,0,0,0,0,0,0,0,0,0,0,3,0,3
374,518792,Jason Heyward,256,65,0,26,203,51,0,18,53,14,0,8,1619,1266,353
375,518883,Dean Kiekhefer,0,0,0,0,0,0,0,0,0,0,0,0,1,0,1
376,518902,Pete Kozma,13,4,0,2,9,4,0,2,4,0,0,0,124,93,31
377,518911,Andrew Lambo,0,0,0,0,0,0,0,0,0,0,0,0,1,1,0
378,518934,DJ LeMahieu,389,93,0,33,319,81,0,23,70,12,0,10,1909,1555,354
379,518953,David Lough,12,3,0,0,9,2,0,0,3,1,0,0,79,54,25
380,518960,Jonathan Lucroy,248,68,0,34,197,55,0,30,51,13,0,4,1487,1159,328
381,518991,Darin Mastroianni,0,0,0,0,0,0,0,0,0,0,0,0,11,8,3
382,519023,Devin Mesoraco,57,16,0,17,45,14,0,8,12,2,0,9,493,369,124
383,519025,Will Middlebrooks,7,2,0,0,5,1,0,0,2,1,0,0,70,54,16
384,519037,Carlos Moncrief,7,1,0,0,5,1,0,0,2,0,0,0,43,30,13
385,519048,Mitch Moreland,196,83,0,60,151,70,0,49,45,13,0,11,1573,1206,367
386,519058,Mike Moustakas,188,64,0,73,157,55,0,52,31,9,0,21,1371,1081,290
387,519068,Efren Navarro,11,1,0,2,10,1,0,1,1,0,0,1,74,53,21
388,519082,Nick Noonan,3,0,0,0,2,0,0,0,1,0,0,0,20,15,5
389,519083,Derek Norris,68,22,0,23,51,17,0,18,17,5,0,5,659,515,144
390,519085,Brett Oberholtzer,1,0,0,0,1,0,0,0,0,0,0,0,7,7,0
391,519141,Drew Pomeranz,4,0,0,1,4,0,0,1,0,0,0,0,38,38,0
392,519144,Rick Porcello,2,2,0,0,2,2,0,0,0,0,0,0,17,17,0
393,519166,Neil Ramirez,0,0,0,0,0,0,0,0,0,0,0,0,2,1,1
394,519168,Anthony Ranaudo,0,0,0,1,0,0,0,1,0,0,0,0,3,3,0
395,519184,Ben Revere,122,22,0,3,92,19,0,3,30,3,0,0,683,535,148
396,519208,Clint Robinson,38,5,0,5,26,3,0,3,12,2,0,2,227,148,79
397,519222,Austin Romine,100,32,0,16,83,27,0,11,17,5,0,5,696,534,162
398,519237,Cameron Rupp,88,43,0,30,67,34,0,22,21,9,0,8,748,579,169
399,519242,Chris Sale,1,1,0,0,1,0,0,0,0,1,0,0,11,10,1
400,519294,Josh Smoker,0,0,0,0,0,0,0,0,0,0,0,0,4,4,0
401,519295,Jake Smolinski,63,8,0,7,52,7,0,5,11,1,0,2,386,288,98
402,519299,Eric Sogard,59,18,0,3,49,15,0,1,10,3,0,2,404,303,101
403,519301,Sammy Solis,0,0,0,0,0,0,0,0,0,0,0,0,3,3,0
404,519306,Steven Souza Jr.,173,53,0,52,138,47,0,42,35,6,0,10,1356,1073,283
405,519317,Giancarlo Stanton,223,84,0,123,184,72,0,100,39,12,0,23,1864,1500,364
406,519322,Drew Storen,0,0,0,0,0,0,0,0,0,0,0,0,1,1,0
407,519333,Matt Szczur,69,24,0,9,54,17,0,8,15,7,0,1,520,359,161
408,519344,Nick Tepesch,0,0,0,0,0,0,0,0,0,0,0,0,3,3,0
409,519346,Eric Thames,80,36,0,47,67,29,0,40,13,7,0,7,814,654,160
410,519390,Stephen Vogt,114,45,0,26,94,35,0,24,20,10,0,2,836,654,182
411,519421,Andy Wilkins,1,1,0,1,1,0,0,1,0,1,0,0,27,14,13
412,519445,Danny Worth,5,2,0,0,4,2,0,0,1,0,0,0,40,29,11
413,519455,Jordan Zimmermann,2,0,0,0,2,0,0,0,0,0,0,0,13,13,0
414,520471,Freddy Galvis,296,86,0,44,239,64,0,36,57,22,0,8,1930,1502,428
415,521655,Wilmer Font,0,0,0,0,0,0,0,0,0,0,0,0,2,0,2
416,521692,Salvador Perez,219,75,0,76,167,55,0,59,52,20,0,17,1590,1257,333
417,523253,Logan Forsythe,220,61,0,28,182,53,0,19,38,8,0,9,1457,1170,287
418,527038,Wilmer Flores,173,56,0,45,135,35,0,32,38,21,0,13,1123,854,269
419,527043,Jefry Marte,76,26,0,26,60,22,0,24,16,4,0,2,636,488,148
420,527049,Cesar Puello,7,0,0,0,6,0,0,0,1,0,0,0,39,33,6
421,527054,Julio Teheran,23,1,0,1,21,1,0,1,2,0,0,0,185,180,5
422,534606,Ryan LaMarre,32,11,0,2,18,9,0,2,14,2,0,0,193,144,49
423,534812,Kevin Quackenbush,0,0,0,0,0,0,0,0,0,0,0,0,1,1,0
424,534910,Jesse Hahn,0,0,0,0,0,0,0,0,0,0,0,0,1,1,0
425,534947,Tim Adleman,4,3,0,0,3,3,0,0,1,0,0,0,55,54,1
426,537953,Daniel Nava,64,14,0,5,44,9,0,4,20,5,0,1,364,260,104
427,541608,Ramon Cabrera,29,10,0,3,22,7,0,3,7,3,0,0,185,127,58
428,541645,Avisail Garcia,239,55,0,49,183,43,0,41,56,12,0,8,1382,1087,295
429,541650,Hernan Perez,211,50,0,36,163,43,0,32,48,7,0,4,1234,936,298
430,542194,Christian Bethancourt,30,9,0,6,21,8,0,6,9,1,0,0,212,154,58
431,542255,Ender Inciarte,390,77,0,24,305,71,0,19,85,6,0,5,1954,1545,409
432,542289,Daniel Corcino,0,0,0,0,0,0,0,0,0,0,0,0,1,0,1
433,542303,Marcell Ozuna,340,69,0,83,278,62,0,74,62,7,0,9,1904,1517,387
434,542340,Jonathan Villar,265,70,0,44,221,57,0,37,44,13,0,7,1623,1323,300
435,542436,Cristhian Adames,37,7,0,2,24,5,0,0,13,2,0,2,270,179,91
436,542454,Danny Santana,62,23,0,6,47,13,0,5,15,10,0,1,457,319,138
437,542455,Oswaldo Arcia,25,7,0,8,21,7,0,6,4,0,0,2,222,173,49
438,542513,Tomas Telis,24,6,0,1,14,4,0,1,10,2,0,0,152,103,49
439,542583,Jesus Aguilar,118,43,0,53,89,37,0,40,29,6,0,13,918,693,225
440,542642,Rymer Liriano,6,2,0,1,3,2,0,1,3,0,0,0,47,35,12
441,542674,Gonzalez Germen,0,0,0,0,0,0,0,0,0,0,0,0,3,2,1
442,542882,Matt Andriese,0,0,0,0,0,0,0,0,0,0,0,0,2,0,2
443,542908,Jett Bandy,63,17,0,15,47,14,0,13,16,3,0,2,487,381,106
444,542921,Tim Beckham,186,47,0,38,155,39,0,33,31,8,0,5,1184,926,258
445,542932,Jon Berti,2,1,0,0,1,1,0,0,1,0,0,0,15,13,2
446,542957,Matt Bowman,0,0,0,0,0,0,0,0,0,0,0,0,0,0,0
447,542963,Rob Brantly,6,1,0,2,6,0,0,1,0,1,0,1,36,28,8
448,542979,Keon Broxton,88,27,0,34,65,24,0,29,23,3,0,5,800,617,183
449,543022,Tyler Chatwood,18,1,0,0,16,1,0,0,2,0,0,0,138,134,4
450,543031,Tyler Cloyd,0,0,0,0,0,0,0,0,0,0,0,0,3,1,2
451,543037,Gerrit Cole,13,2,0,2,13,2,0,2,0,0,0,0,120,117,3
452,543038,Dusty Coleman,8,3,0,4,7,2,0,3,1,1,0,1,71,58,13
453,543045,Adam Conley,8,0,0,0,8,0,0,0,0,0,0,0,79,79,0
454,543054,Jarred Cosart,2,0,0,0,2,0,0,0,0,0,0,0,24,24,0
455,543063,Brandon Crawford,274,93,0,40,204,73,0,36,70,20,0,4,1784,1380,404
456,543094,Jaff Decker,15,2,0,0,11,2,0,0,4,0,0,0,119,85,34
457,543101,Anthony DeSclafani,9,1,0,1,9,1,0,1,0,0,0,0,89,88,1
458,543118,Oliver Drake,0,0,0,0,0,0,0,0,0,0,0,0,1,1,0
459,543135,Nathan Eovaldi,1,0,0,0,1,0,0,0,0,0,0,0,19,16,3
460,543148,Tim Federowicz,9,6,0,3,5,5,0,2,4,1,0,1,90,58,32
461,543184,Christian Friedrich,2,0,0,0,2,0,0,0,0,0,0,0,43,43,0
462,543193,Drew Gagnon,0,0,0,0,0,0,0,0,0,0,0,0,2,2,0
463,543208,Sam Gaviglio,1,1,0,0,1,1,0,0,0,0,0,0,8,8,0
464,543213,Johnny Giavotella,64,20,0,6,52,14,0,4,12,6,0,2,378,288,90
465,543216,Conor Gillaspie,45,12,0,9,38,7,0,4,7,5,0,5,311,208,103
466,543219,Sean Gilmartin,0,1,0,0,0,1,0,0,0,0,0,0,1,1,0
467,543228,Yan Gomes,138,53,0,38,111,42,0,24,27,11,0,14,1093,835,258
468,543238,Anthony Gose,13,2,0,2,9,2,0,1,4,0,0,1,102,81,21
469,543243,Sonny Gray,0,0,0,0,0,0,0,0,0,0,0,0,5,5,0
470,543257,Robbie Grossman,198,68,0,25,163,58,0,22,35,10,0,3,1320,1041,279
471,543272,Brad Hand,0,0,0,0,0,0,0,0,0,0,0,0,8,3,5
472,543281,Josh Harrison,252,64,0,28,204,53,0,23,48,11,0,5,1432,1150,282
473,543302,Chris Herrmann,61,16,0,18,44,11,0,13,17,5,0,5,510,362,148
474,543305,Aaron Hicks,172,52,0,51,144,36,0,39,28,16,0,12,1360,1071,289
475,543309,Kyle Higashioka,7,2,0,3,4,2,0,3,3,0,0,0,99,81,18
476,543329,Destin Hood,4,1,0,1,3,1,0,1,1,0,0,0,25,18,7
477,543333,Eric Hosmer,348,84,0,68,282,69,0,47,66,15,0,21,1990,1571,419
478,543376,Caleb Joseph,101,31,0,11,81,23,0,7,20,8,0,4,683,544,139
479,543377,Corban Joseph,3,1,0,0,2,1,0,0,1,0,0,0,20,12,8
480,543380,Taylor Jungmann,1,0,0,0,1,0,0,0,0,0,0,0,8,8,0
481,543401,Jason Kipnis,224,96,0,57,182,81,0,43,42,15,0,14,1747,1417,330
482,543408,Tom Koehler,6,0,0,0,5,0,0,0,1,0,0,0,77,75,2
483,543432,Ryan Lavarnway,5,2,0,0,2,1,0,0,3,1,0,0,19,14,5
484,543434,Brett Lawrie,53,22,0,12,39,19,0,11,14,3,0,1,384,297,87
485,543456,Kyle Lobstein,0,0,0,0,0,0,0,0,0,0,0,0,2,1,1
486,543475,Jordan Lyles,3,0,0,0,3,0,0,0,0,0,0,0,42,40,2
487,543483,Matt Magill,0,0,0,0,0,0,0,0,0,0,0,0,1,1,0
488,543484,Mikie Mahtook,117,27,0,24,92,22,0,17,25,5,0,7,821,652,169
489,543521,Collin McHugh,0,0,0,0,0,0,0,0,0,0,0,0,10,10,0
490,543532,Tim Melville,0,0,0,0,0,0,0,0,0,0,0,0,2,2,0
491,543542,Alex Meyer,1,0,0,0,1,0,0,0,0,0,0,0,2,2,0
492,543548,Tommy Milone,3,0,0,0,3,0,0,0,0,0,0,0,23,22,1
493,543590,Kirk Nieuwenhuis,39,19,0,14,37,13,0,9,2,6,0,5,426,325,101
494,543606,Jake Odorizzi,2,0,0,0,2,0,0,0,0,0,0,0,16,15,1
495,543611,Danny Ortiz,1,0,0,0,1,0,0,0,0,0,0,0,13,9,4
496,543652,Tyler Pill,0,0,0,0,0,0,0,0,0,0,0,0,5,5,0
497,543685,Anthony Rendon,273,124,0,71,208,104,0,64,65,20,0,7,1878,1481,397
498,543699,Tanner Roark,19,4,0,0,18,4,0,0,1,0,0,0,205,203,2
499,543734,Chris Rusin,9,0,0,0,9,0,0,0,0,0,0,0,46,46,0
500,543742,Jerry Sands,12,0,0,1,10,0,0,1,2,0,0,0,58,43,15
501,543746,Rob Scahill,0,0,0,0,0,0,0,0,0,0,0,0,3,2,1
502,543760,Marcus Semien,240,80,0,52,194,66,0,41,46,14,0,11,1700,1338,362
503,543776,JB Shuck,56,8,0,4,37,5,0,3,19,3,0,1,382,275,107
504,543807,George Springer,309,91,0,94,250,76,0,81,59,15,0,13,2108,1712,396
505,543829,Dee Gordon,360,44,0,7,285,41,0,4,75,3,0,3,1622,1299,323
506,543859,Michael Tonkin,0,0,0,0,0,0,0,0,0,0,0,0,2,1,1
507,543867,Nik Turley,0,0,0,0,0,0,0,0,0,0,0,0,2,2,0
508,543939,Kolten Wong,182,52,0,18,144,43,0,14,38,9,0,4,1162,874,288
509,544369,Didi Gregorius,292,82,0,75,220,68,0,65,72,14,0,10,1794,1429,365
510,544725,Leury Garcia,117,23,0,14,90,17,0,13,27,6,0,1,650,511,139
511,544727,Jeurys Familia,0,0,0,0,0,0,0,0,0,0,0,0,1,1,0
512,544836,Enny Romero,0,1,0,0,0,0,0,0,0,1,0,0,2,1,1
513,544928,Tyler Lyons,0,0,0,0,0,0,0,0,0,0,0,0,6,3,3
514,544931,Stephen Strasburg,19,1,0,2,19,1,0,2,0,0,0,0,171,170,1
515,545121,Ildemaro Vargas,6,1,0,1,6,0,0,1,0,1,0,0,33,19,14
516,545337,Nolan Fontana,0,0,0,2,0,0,0,1,0,0,0,1,35,23,12
517,545338,Nick Franklin,43,13,0,8,35,11,0,7,8,2,0,1,315,236,79
518,545341,Randal Grichuk,144,86,0,70,106,67,0,58,38,19,0,12,1369,1057,312
519,545346,Zach Lee,0,0,0,0,0,0,0,0,0,0,0,0,3,3,0
520,545350,Jake Marisnick,92,36,0,29,70,29,0,21,22,7,0,8,800,592,208
521,545358,Max Stassi,31,13,0,10,18,10,0,8,13,3,0,2,293,222,71
522,545361,Mike Trout,248,79,0,100,210,60,0,85,38,19,0,15,1741,1401,340
523,546276,Edwin Escobar,0,0,0,0,0,0,0,0,0,0,0,0,2,2,0
524,546318,Odubel Herrera,310,81,0,51,249,64,0,45,61,17,0,6,1807,1424,383
525,546990,Anthony Alford,2,1,0,0,2,1,0,0,0,0,0,0,29,23,6
526,546991,Albert Almora,181,52,0,17,136,35,0,16,45,17,0,1,950,702,248
527,547004,Rio Ruiz,22,5,0,4,15,0,0,4,7,5,0,0,194,147,47
528,547172,Tony Wolters,101,27,0,6,78,20,0,6,23,7,0,0,701,526,175
529,547179,Michael Lorenzen,5,1,0,6,4,1,0,6,1,0,0,0,51,39,12
530,547180,Bryce Harper,222,87,0,88,177,68,0,72,45,19,0,16,1828,1445,383
531,547749,Junichi Tazawa,0,0,0,0,0,0,0,0,0,0,0,0,1,1,0
532,547874,Hisashi Iwakuma,0,0,0,0,0,0,0,0,0,0,0,0,3,3,0
533,547912,Gift Ngoepe,10,2,0,0,8,1,0,0,2,1,0,0,79,55,24
534,547943,Hyun-Jin Ryu,11,2,0,0,11,2,0,0,0,0,0,0,74,72,2
535,547982,Leonys Martin,160,34,0,29,129,28,0,23,31,6,0,6,1068,836,232
536,548337,Logan Verrett,0,1,0,0,0,1,0,0,0,0,0,0,22,22,0
537,548357,Christian Bergman,2,0,0,0,2,0,0,0,0,0,0,0,6,5,1
538,548389,Ross Stripling,5,0,0,0,5,0,0,0,0,0,0,0,73,68,5
539,552640,Andrew Kittredge,0,0,0,0,0,0,0,0,0,0,0,0,1,0,1
540,552662,Stefen Romero,3,1,0,0,3,0,0,0,0,1,0,0,19,12,7
541,553882,Omar Narvaez,133,28,0,12,100,26,0,11,33,2,0,1,734,558,176
542,553883,Vicente Campos,0,0,0,0,0,0,0,0,0,0,0,0,2,2,0
543,553902,Willians Astudillo,25,4,0,3,17,4,0,2,8,0,0,1,97,78,19
544,553988,Dixon Machado,66,16,0,2,46,12,0,1,20,4,0,1,422,314,108
545,553993,Eugenio Suarez,268,72,0,80,207,54,0,66,61,18,0,14,1853,1464,389
546,554234,Williams Perez,0,0,0,0,0,0,0,0,0,0,0,0,19,19,0
547,554429,Dustin Ackley,9,0,0,0,7,0,0,0,2,0,0,0,70,56,14
548,570240,Felix Pena,0,0,0,0,0,0,0,0,0,0,0,0,10,9,1
549,570256,Gregory Polanco,195,85,0,55,158,72,0,47,37,13,0,8,1520,1206,314
550,570257,Joely Rodriguez,0,0,0,0,0,0,0,0,0,0,0,0,0,0,0
551,570481,Erik Gonzalez,47,16,0,5,28,11,0,4,19,5,0,1,277,192,85
552,570482,Gio Urshela,37,8,0,2,31,6,0,2,6,2,0,0,224,174,50
553,570489,Arismendy Alcantara,16,4,0,1,11,2,0,1,5,2,0,0,127,80,47
554,570615,Steven Moya,13,4,0,5,11,4,0,5,2,0,0,0,100,83,17
555,570639,Yefri Perez,1,1,0,0,0,0,0,0,1,1,0,0,3,0,3
556,570649,Yordano Ventura,1,0,0,0,1,0,0,0,0,0,0,0,3,3,0
557,570663,Hansel Robles,0,0,0,0,0,0,0,0,0,0,0,0,5,5,0
558,570666,Luis Cessa,0,0,0,0,0,0,0,0,0,0,0,0,1,1,0
559,570714,Cesar Vargas,0,0,0,0,0,0,0,0,0,0,0,0,9,9,0
560,570731,Jonathan Schoop,280,95,0,78,225,83,0,63,55,12,0,15,1826,1438,388
561,570799,Christian Villanueva,54,16,0,24,37,10,0,21,17,6,0,3,412,323,89
562,570810,Lisalverto Bonilla,1,0,0,0,1,0,0,0,0,0,0,0,8,8,0
563,571431,Matt Adams,132,50,0,56,97,35,0,41,35,15,0,15,1018,753,265
564,571437,Aaron Altherr,105,41,0,31,75,26,0,22,30,15,0,9,911,706,205
565,571448,Nolan Arenado,298,115,0,116,254,97,0,99,44,18,0,17,2042,1643,399
566,571466,Tucker Barnhart,212,68,0,24,168,56,0,20,44,12,0,4,1349,1021,328
567,571467,Steven Baron,1,0,0,0,1,0,0,0,0,0,0,0,5,3,2
568,571473,Buddy Baumann,0,0,0,0,0,0,0,0,0,0,0,0,1,0,1
569,571506,Justin Bour,172,43,0,60,150,38,0,52,22,5,0,8,1226,986,240
570,571553,Darrell Ceciliani,1,3,0,1,1,3,0,1,0,0,0,0,34,26,8
571,571561,Tony Cingrani,0,0,0,0,0,0,0,0,0,0,0,0,1,0,1
572,571578,Patrick Corbin,28,4,0,0,27,4,0,0,1,0,0,0,188,182,6
573,571595,Noel Cuevas,27,4,0,2,18,4,0,2,9,0,0,0,152,117,35
574,571657,Kyle Farmer,16,5,0,0,9,1,0,0,7,4,0,0,98,57,41
575,571666,Mike Fiers,0,0,0,0,0,0,0,0,0,0,0,0,1,1,0
576,571670,Dylan Floro,0,0,0,0,0,0,0,0,0,0,0,0,9,5,4
577,571679,David Freitas,15,8,0,1,13,7,0,1,2,1,0,0,123,104,19
578,571697,Scooter Gennett,290,81,0,64,242,66,0,48,48,15,0,16,1671,1319,352
579,571710,Mychal Givens,0,0,0,0,0,0,0,0,0,0,0,0,2,1,1
580,571745,Mitch Haniger,178,64,0,46,148,49,0,38,30,15,0,8,1212,968,244
581,571757,Jeremy Hazelbaker,37,9,0,14,26,5,0,10,11,4,0,4,283,196,87
582,571760,Andrew Heaney,1,0,0,0,1,0,0,0,0,0,0,0,8,7,1
583,571788,Brock Holt,140,43,0,16,108,30,0,11,32,13,0,5,892,680,212
584,571800,Drew Hutchison,1,0,0,0,1,0,0,0,0,0,0,0,6,6,0
585,571830,Tommy Joseph,114,42,0,43,89,40,0,34,25,2,0,9,881,674,207
586,571851,Spencer Kieboom,22,5,0,2,19,5,0,2,3,0,0,0,146,119,27
587,571871,Ian Krol,0,0,0,0,0,0,0,0,0,0,0,0,2,1,1
588,571875,Jake Lamb,166,68,0,65,125,55,0,50,41,13,0,15,1462,1131,331
589,571882,Derek Law,1,0,0,0,1,0,0,0,0,0,0,0,2,2,0
590,571893,Adam Liberatore,0,0,0,0,0,0,0,0,0,0,0,0,1,1,0
591,571912,Luke Maile,61,25,0,8,48,18,0,7,13,7,0,1,489,373,116
592,571918,Deven Marrero,34,10,0,4,28,7,0,3,6,3,0,1,288,218,70
593,571927,Steven Matz,8,2,0,2,8,2,0,2,0,0,0,0,122,121,1
594,571945,Miles Mikolas,6,1,0,2,6,1,0,2,0,0,0,0,71,69,2
595,571946,Shelby Miller,2,1,0,0,2,1,0,0,0,0,0,0,48,46,2
596,571948,Hoby Milner,0,0,0,0,0,0,0,0,0,0,0,0,2,2,0
597,571951,Bryan Mitchell,2,0,0,0,2,0,0,0,0,0,0,0,19,17,2
598,571970,Max Muncy,73,20,0,40,58,12,0,35,15,8,0,5,670,527,143
599,571976,Wil Myers,210,83,0,69,159,65,0,56,51,18,0,13,1661,1319,342
600,571980,Tyler Naquin,101,29,0,17,72,23,0,14,29,6,0,3,609,477,132
601,572000,Mike Ohlman,3,0,0,0,2,0,0,0,1,0,0,0,13,9,4
602,572008,Chris Owings,176,64,0,21,145,51,0,17,31,13,0,4,1153,900,253
603,572019,Ben Paulsen,14,5,0,1,10,3,0,0,4,2,0,1,97,69,28
604,572020,James Paxton,0,0,0,0,0,0,0,0,0,0,0,0,4,4,0
605,572033,Josh Phegley,39,24,0,6,36,16,0,5,3,8,0,1,351,290,61
606,572039,Stephen Piscotty,229,92,0,58,179,66,0,41,50,26,0,17,1646,1290,356
607,572073,Joey Rickard,128,38,0,17,91,26,0,14,37,12,0,3,790,600,190
608,572096,Trevor Rosenthal,0,0,0,0,0,0,0,0,0,0,0,0,1,0,1
609,572102,Keyvius Sampson,0,0,0,0,0,0,0,0,0,0,0,0,7,7,0
610,572114,Ryan Schimpf,28,19,0,35,22,16,0,27,6,3,0,8,538,413,125
611,572122,Kyle Seager,250,105,0,79,190,86,0,62,60,19,0,17,1943,1528,415
612,572128,Richie Shaffer,5,6,0,1,3,5,0,1,2,1,0,0,54,44,10
613,572140,Tyler Skaggs,0,0,0,0,0,0,0,0,0,0,0,0,1,1,0
614,572180,Andrew Susac,5,2,0,1,5,1,0,0,0,1,0,1,57,41,16
615,572182,Darnell Sweeney,0,0,0,0,0,0,0,0,0,0,0,0,4,3,1
616,572193,Ryan Tepera,0,0,0,0,0,0,0,0,0,0,0,0,1,0,1
617,572204,Trayce Thompson,40,16,0,17,30,14,0,12,10,2,0,5,452,352,100
618,572227,Zach Vincej,3,0,0,0,2,0,0,0,1,0,0,0,17,11,6
619,572228,Luke Voit,44,14,0,19,33,13,0,16,11,1,0,3,306,231,75
620,572233,Christian Walker,4,3,0,5,3,0,0,5,1,3,0,0,70,49,21
621,572287,Mike Zunino,99,50,0,57,81,40,0,45,18,10,0,12,1032,805,227
622,572309,Kendry Flores,0,0,0,0,0,0,0,0,0,0,0,0,1,1,0
623,572362,Robbie Erlin,4,0,0,0,4,0,0,0,0,0,0,0,32,31,1
624,572365,Ryan Goins,106,38,0,12,80,31,0,9,26,7,0,3,784,589,195
625,572403,Drew VerHagen,0,0,0,0,0,0,0,0,0,0,0,0,1,1,0
626,572669,Lane Adams,22,5,0,6,17,4,0,5,5,1,0,1,150,99,51
627,572750,Eddie Butler,2,0,0,0,2,0,0,0,0,0,0,0,39,39,0
628,572788,Tyler Cravy,0,0,0,1,0,0,0,1,0,0,0,0,5,4,1
629,572816,Corey Dickerson,259,104,0,64,209,80,0,56,50,24,0,8,1699,1356,343
630,572821,Brian Dozier,249,94,0,98,209,79,0,83,40,15,0,15,2041,1653,388
631,572863,Dustin Garneau,21,14,0,3,17,10,0,3,4,4,0,0,205,157,48
632,572888,Shane Greene,0,0,0,0,0,0,0,0,0,0,0,0,2,2,0
633,572955,Pierce Johnson,0,0,0,0,0,0,0,0,0,0,0,0,1,1,0
634,572971,Dallas Keuchel,0,0,0,0,0,0,0,0,0,0,0,0,9,9,0
635,573064,Vidal Nuno III,2,0,0,0,0,0,0,0,2,0,0,0,3,1,2
636,573088,Cameron Perkins,10,5,0,1,8,3,0,0,2,2,0,1,97,69,28
637,573113,Tony Renda,9,2,0,0,7,1,0,0,2,1,0,0,67,48,19
638,573131,Darin Ruf,12,2,0,3,10,2,0,3,2,0,0,0,89,62,27
639,573135,Tyler Saladino,118,27,0,13,96,25,0,9,22,2,0,4,742,579,163
640,573185,Dan Straily,8,2,0,0,8,2,0,0,0,0,0,0,172,168,4
641,573186,Marcus Stroman,1,1,0,1,1,0,0,1,0,1,0,0,16,14,2
642,573244,Adam Wilk,0,0,0,0,0,0,0,0,0,0,0,0,1,1,0
643,573627,Kennys Vargas,51,24,0,21,47,20,0,14,4,4,0,7,442,337,105
644,574847,Rob Segedin,14,4,0,2,12,2,0,2,2,2,0,0,104,79,25
645,575929,Willson Contreras,191,62,0,46,148,47,0,40,43,15,0,6,1320,1006,314
646,576397,Jedd Gyorko,191,49,0,61,146,40,0,44,45,9,0,17,1324,1017,307
647,576788,Dan Butler,1,0,0,0,1,0,0,0,0,0,0,0,7,7,0
648,578428,Jose Iglesias,244,89,0,15,191,75,0,12,53,14,0,3,1461,1133,328
649,578570,Juniel Querecuto,0,0,0,0,0,0,0,0,0,0,0,0,11,9,2
650,581527,Devon Travis,164,60,0,27,129,52,0,22,35,8,0,5,1012,791,221
651,582473,Sherman Johnson,0,0,0,0,0,0,0,0,0,0,0,0,11,5,6
652,588751,Adeiny Hechavarria,207,42,0,17,152,34,0,14,55,8,0,3,1207,924,283
653,591693,Edubray Ramos,0,0,0,0,0,0,0,0,0,0,0,0,2,2,0
654,591720,Ronald Torreyes,121,29,0,4,94,25,0,4,27,4,0,0,608,472,136
655,591741,Jose Osuna,38,22,0,10,25,20,0,8,13,2,0,2,338,239,99
656,591971,Breyvic Valera,15,0,0,0,13,0,0,0,2,0,0,0,86,68,18
657,591994,Willy Garcia,15,5,0,2,12,4,0,2,3,1,0,0,119,93,26
658,592120,Barrett Astin,0,0,0,0,0,0,0,0,0,0,0,0,1,1,0
659,592127,Johnny Barbato,0,0,0,0,0,0,0,0,0,0,0,0,1,1,0
660,592145,Jesse Biddle,0,1,0,0,0,0,0,0,0,1,0,0,2,0,2
661,592169,Austin Brice,0,0,0,0,0,0,0,0,0,0,0,0,5,4,1
662,592178,Kris Bryant,267,105,0,84,209,90,0,72,58,15,0,12,1912,1536,376
663,592192,Mark Canha,71,35,0,25,47,31,0,20,24,4,0,5,640,490,150
664,592200,Curt Casali,53,20,0,13,43,16,0,11,10,4,0,2,428,319,109
665,592229,Dylan Covey,0,0,0,0,0,0,0,0,0,0,0,0,2,2,0
666,592230,Kaleb Cowart,30,16,0,5,21,14,0,5,9,2,0,0,327,250,77
667,592273,Brandon Drury,155,71,0,31,113,54,0,27,42,17,0,4,1060,813,247
668,592279,Jesen Therrien,0,0,0,0,0,0,0,0,0,0,0,0,2,2,0
669,592314,Mike Foltynewicz,8,2,0,0,8,2,0,0,0,0,0,0,157,156,1
670,592325,Ben Gamel,154,43,0,13,124,36,0,12,30,7,0,1,904,691,213
671,592332,Kevin Gausman,1,0,0,0,1,0,0,0,0,0,0,0,30,30,0
672,592348,Niko Goodrum,62,29,0,16,46,26,0,12,16,3,0,4,509,394,115
673,592387,Ryon Healy,228,64,0,62,171,46,0,51,57,18,0,11,1409,1105,304
674,592390,Heath Hembree,0,0,0,0,0,0,0,0,0,0,0,0,1,1,0
675,592407,Bryan Holaday,46,14,0,3,34,11,0,2,12,3,0,1,319,226,93
676,592419,Jared Hoying,20,5,0,1,15,4,0,1,5,1,0,0,127,80,47
677,592433,Tyrell Jenkins,0,0,0,0,0,0,0,0,0,0,0,0,17,17,0
678,592444,JaCoby Jones,68,28,0,14,56,23,0,10,12,5,0,4,648,505,143
679,592450,Aaron Judge,155,51,0,90,128,44,0,81,27,7,0,9,1326,1063,263
680,592468,Nick Kingham,1,1,0,0,1,1,0,0,0,0,0,0,25,25,0
681,592518,Manny Machado,329,109,0,110,252,90,0,96,77,19,0,14,2141,1707,434
682,592547,Deck McGuire,1,0,0,0,0,0,0,0,1,0,0,0,6,5,1
683,592592,Brett Nicholas,13,9,0,4,10,8,0,3,3,1,0,1,110,81,29
684,592593,Justin Nicolino,2,0,0,0,2,0,0,0,0,0,0,0,37,36,1
685,592614,Dillon Overton,0,0,0,0,0,0,0,0,0,0,0,0,1,1,0
686,592620,Jarrett Parker,44,15,0,9,30,15,0,6,14,0,0,3,327,263,64
687,592626,Joc Pederson,131,79,0,67,102,65,0,61,29,14,0,6,1348,1035,313
688,592644,Adam Plutko,0,0,0,0,0,0,0,0,0,0,0,0,2,2,0
689,592647,Dalton Pompey,2,0,0,0,2,0,0,0,0,0,0,0,13,7,6
690,592662,Robbie Ray,20,5,0,1,20,5,0,1,0,0,0,0,166,166,0
691,592669,Hunter Renfroe,107,51,0,56,75,39,0,44,32,12,0,12,948,733,215
692,592680,Yadiel Rivera,30,7,0,1,21,5,0,1,9,2,0,0,229,163,66
693,592685,Drew Robinson,27,8,0,9,17,4,0,6,10,4,0,3,243,178,65
694,592696,Eddie Rosario,259,81,0,62,207,65,0,49,52,16,0,13,1524,1201,323
695,592710,Josh Rutledge,28,8,0,0,19,6,0,0,9,2,0,0,175,128,47
696,592717,Aaron Sanchez,0,0,0,0,0,0,0,0,0,0,0,0,11,10,1
697,592731,Steve Selsky,12,3,0,2,11,3,0,1,1,0,0,1,63,48,15
698,592741,Chasen Shreve,0,0,0,0,0,0,0,0,0,0,0,0,3,1,2
699,592743,Andrelton Simmons,324,86,0,29,251,72,0,28,73,14,0,1,1720,1362,358
700,592767,Drew Smyly,0,0,0,0,0,0,0,0,0,0,0,0,2,2,0
701,592789,Noah Syndergaard,11,5,0,3,11,5,0,3,0,0,0,0,131,126,5
702,592791,Jameson Taillon,12,1,0,0,12,1,0,0,0,0,0,0,143,142,1
703,592808,Andrew Toles,49,16,0,8,37,13,0,5,12,3,0,3,275,200,75
704,592811,Andrew Triggs,0,0,0,0,0,0,0,0,0,0,0,0,2,2,0
705,592826,Vince Velasquez,21,2,0,0,20,2,0,0,1,0,0,0,113,112,1
706,592836,Taijuan Walker,10,1,0,1,10,1,0,1,0,0,0,0,58,58,0
707,592859,Stevie Wilkerson,5,3,0,0,2,2,0,0,3,1,0,0,49,35,14
708,592863,Mason Williams,39,6,0,2,26,6,0,2,13,0,0,0,179,133,46
709,592879,Asher Wojciechowski,1,0,0,0,1,0,0,0,0,0,0,0,14,13,1
710,592885,Christian Yelich,332,108,0,77,266,87,0,65,66,21,0,12,2034,1633,401
711,593160,Whit Merrifield,306,97,0,33,252,74,0,28,54,23,0,5,1660,1329,331
712,593334,Domingo German,0,0,0,0,0,0,0,0,0,0,0,0,2,2,0
713,593423,Frankie Montas,0,0,0,0,0,0,0,0,0,0,0,0,5,5,0
714,593428,Xander Bogaerts,332,108,0,55,261,94,0,48,71,14,0,7,2015,1605,410
715,593525,Orlando Calixte,6,1,0,0,3,1,0,0,3,0,0,0,55,41,14
716,593528,Jorge Bonifacio,96,31,0,21,82,24,0,20,14,7,0,1,692,542,150
717,593576,Hector Neris,0,0,0,0,0,0,0,0,0,0,0,0,1,0,1
718,593643,Hanser Alberto,10,3,0,0,7,2,0,0,3,1,0,0,88,60,28
719,593647,Socrates Brito,15,3,0,5,10,2,0,4,5,1,0,1,142,112,30
720,593679,Gabriel Ynoa,0,0,0,0,0,0,0,0,0,0,0,0,4,4,0
721,593700,Alen Hanson,82,27,0,12,61,21,0,7,21,6,0,5,579,422,157
722,593833,Wander Suero,0,0,0,0,0,0,0,0,0,0,0,0,3,3,0
723,593871,Jorge Polanco,186,63,0,23,143,58,0,19,43,5,0,4,1151,900,251
724,593934,Miguel Sano,148,51,0,65,117,45,0,52,31,6,0,13,1266,1007,259
725,593969,Jayson Aquino,0,0,0,0,0,0,0,0,0,0,0,0,2,2,0
726,593974,Wandy Peralta,0,0,0,0,0,0,0,0,0,0,0,0,3,3,0
727,594011,Rosell Herrera,47,14,0,1,36,11,0,0,11,3,0,1,302,234,68
728,594577,Mike Mayers,0,0,0,0,0,0,0,0,0,0,0,0,2,1,1
729,594694,Wilmer Difo,149,27,0,13,109,17,0,11,40,10,0,2,880,659,221
730,594742,Alec Asher,1,0,0,0,1,0,0,0,0,0,0,0,12,12,0
731,594772,Jake Buchanan,1,0,0,0,1,0,0,0,0,0,0,0,4,4,0
732,594777,Kole Calhoun,260,76,0,55,204,61,0,49,56,15,0,6,1861,1494,367
733,594795,Grant Dayton,0,0,0,0,0,0,0,0,0,0,0,0,1,1,0
734,594798,Jacob deGrom,27,3,0,1,27,3,0,1,0,0,0,0,199,188,11
735,594807,Adam Duvall,178,88,0,78,144,71,0,58,34,17,0,20,1676,1314,362
736,594828,Evan Gattis,161,58,0,70,128,48,0,54,33,10,0,16,1303,1009,294
737,594840,Matt Grace,1,0,0,0,1,0,0,0,0,0,0,0,8,8,0
738,594902,Ben Lively,4,0,0,2,4,0,0,2,0,0,0,0,33,32,1
739,594943,Zach Neal,0,0,0,0,0,0,0,0,0,0,0,0,2,2,0
740,594951,Ryan O'Rourke,0,0,0,0,0,0,0,0,0,0,0,0,1,0,1
741,594953,Daniel Palka,55,15,0,27,47,10,0,20,8,5,0,7,446,348,98
742,594987,Casey Sadler,0,0,0,0,0,0,0,0,0,0,0,0,2,2,0
743,594988,Scott Schebler,158,55,0,55,130,42,0,41,28,13,0,14,1231,950,281
744,594992,Kevin Shackelford,1,0,0,0,1,0,0,0,0,0,0,0,4,4,0
745,595025,Zach Walters,0,0,0,0,0,0,0,0,0,0,0,0,5,3,2
746,595144,Jaycob Brugman,33,2,0,3,29,2,0,3,4,0,0,0,162,125,37
747,595191,Jerad Eickhoff,9,4,0,0,9,4,0,0,0,0,0,0,97,97,0
748,595222,Mike Gerber,3,1,0,0,2,0,0,0,1,1,0,0,47,39,8
749,595238,Jacob Hannemann,2,0,0,1,1,0,0,1,1,0,0,0,20,12,8
750,595281,Kevin Kiermaier,171,47,0,34,141,40,0,29,30,7,0,5,1193,960,233
751,595284,Andrew Knapp,56,14,0,7,38,11,0,3,18,3,0,4,405,290,115
752,595307,Seth Maness,0,0,0,0,0,0,0,0,0,0,0,0,1,1,0
753,595345,Steven Okert,0,0,0,0,0,0,0,0,0,0,0,0,2,2,0
754,595373,Jack Reinheimer,5,0,0,0,3,0,0,0,2,0,0,0,40,22,18
755,595375,JT Riddle,88,23,0,12,72,22,0,6,16,1,0,6,576,435,141
756,595426,Brock Stassi,8,2,0,2,4,1,0,1,4,1,0,1,90,62,28
757,595453,Chad Wallach,7,1,0,1,6,1,0,1,1,0,0,0,52,38,14
758,595465,Dan Winkler,0,0,0,0,0,0,0,0,0,0,0,0,0,0,0
759,595751,Jorge Alfaro,86,22,0,15,61,19,0,15,25,3,0,0,497,377,120
760,595777,Jurickson Profar,131,43,0,25,95,35,0,23,36,8,0,2,971,746,225
761,595879,Javier Baez,265,87,0,74,203,70,0,55,62,17,0,19,1671,1285,386
762,595881,Tyler Beede,0,0,0,0,0,0,0,0,0,0,0,0,2,2,0
763,595885,Greg Bird,43,25,0,23,36,21,0,17,7,4,0,6,534,412,122
764,595909,Jake Cave,44,16,0,13,38,13,0,11,6,3,0,2,307,244,63
765,595943,Phillip Evans,11,2,0,0,4,1,0,0,7,1,0,0,62,47,15
766,595956,Cam Gallagher,13,4,0,2,12,3,0,2,1,1,0,0,96,76,20
767,595963,Tyler Goeddel,31,3,0,4,28,2,0,3,3,1,0,1,234,176,58
768,596001,Jakob Junis,0,0,0,0,0,0,0,0,0,0,0,0,5,5,0
769,596019,Francisco Lindor,347,119,0,91,285,95,0,72,62,24,0,19,2221,1807,414
770,596043,Daniel Mengden,2,0,0,0,2,0,0,0,0,0,0,0,13,11,2
771,596057,Daniel Norris,0,0,0,0,0,0,0,0,0,0,0,0,5,5,0
772,596071,Dillon Peters,1,0,0,0,1,0,0,0,0,0,0,0,20,20,0
773,596103,Austin Slater,68,9,0,4,55,9,0,3,13,0,0,1,351,262,89
774,596115,Trevor Story,202,97,0,89,157,83,0,76,45,14,0,13,1637,1292,345
775,596119,Blake Swihart,45,10,0,3,30,7,0,3,15,3,0,0,291,208,83
776,596133,Luke Weaver,14,0,0,0,14,0,0,0,0,0,0,0,82,82,0
777,596143,Luis Sardinas,42,6,0,5,34,5,0,3,8,1,0,2,272,200,72
778,596144,Cheslor Cuthbert,126,37,0,17,94,32,0,15,32,5,0,2,772,600,172
779,596146,Max Kepler,189,82,0,55,151,64,0,43,38,18,0,12,1619,1252,367
780,596271,Casey Lawrence,0,0,0,0,0,0,0,0,0,0,0,0,3,2,1
781,596295,Austin Gomber,3,1,0,0,3,1,0,0,0,0,0,0,21,21,0
782,596451,Roman Quinn,33,10,0,2,27,8,0,2,6,2,0,0,212,165,47
783,596748,Maikel Franco,253,69,0,71,205,54,0,54,48,15,0,17,1704,1321,383
784,596847,Ji-Man Choi,36,18,0,17,29,17,0,15,7,1,0,2,367,293,74
785,598265,Jackie Bradley Jr.,232,84,0,60,181,68,0,52,51,16,0,8,1777,1382,395
786,598284,Peter O'Brien,12,6,0,9,7,3,0,8,5,3,0,1,141,108,33
787,599096,Dilson Herrera,6,5,0,5,3,3,0,4,3,2,0,1,97,72,25
788,599683,Warwick Saupold,0,0,0,0,0,0,0,0,0,0,0,0,1,1,0
789,600301,Taylor Motter,46,15,0,10,36,11,0,9,10,4,0,1,412,315,97
790,600466,Raudy Read,3,0,0,0,3,0,0,0,0,0,0,0,11,7,4
791,600474,Pedro Severino,30,13,0,4,26,10,0,4,4,3,0,0,284,222,62
792,600524,Renato Nunez,43,14,0,9,36,10,0,8,7,4,0,1,293,233,60
793,600869,Jeimer Candelario,95,37,0,22,74,31,0,18,21,6,0,4,770,610,160
794,600968,Randy Rosario,1,0,0,0,1,0,0,0,0,0,0,0,2,2,0
795,601713,Nick Pivetta,6,1,0,0,6,1,0,0,0,0,0,0,91,91,0
796,602115,Gabriel Guerrero,2,0,0,1,2,0,0,0,0,0,0,1,18,14,4
797,605113,Nick Ahmed,140,48,0,25,104,35,0,19,36,13,0,6,1034,788,246
798,605125,Cody Asche,27,16,0,5,23,12,0,5,4,4,0,0,280,226,54
799,605141,Mookie Betts,337,141,0,88,280,107,0,76,57,34,0,12,2125,1701,424
800,605151,Archie Bradley,4,0,0,0,3,0,0,0,1,0,0,0,53,51,2
801,605154,John Brebbia,0,0,0,0,0,0,0,0,0,0,0,0,3,2,1
802,605164,Dylan Bundy,1,0,0,0,1,0,0,0,0,0,0,0,8,8,0
803,605170,Victor Caratini,44,10,0,3,33,8,0,2,11,2,0,1,263,182,81
804,605182,Mike Clevinger,0,0,0,0,0,0,0,0,0,0,0,0,9,9,0
805,605183,Jason Coats,5,4,0,1,3,3,0,1,2,1,0,0,58,44,14
806,605194,Jharel Cotton,0,0,0,0,0,0,0,0,0,0,0,0,2,2,0
807,605218,Carl Edwards Jr.,0,0,0,0,0,0,0,0,0,0,0,0,2,1,1
808,605222,Jake Esch,1,0,0,0,1,0,0,0,0,0,0,0,5,5,0
809,605227,Taylor Featherston,6,2,0,2,6,2,0,2,0,0,0,0,75,52,23
810,605232,Brandon Finnegan,4,2,0,0,4,2,0,0,0,0,0,0,74,72,2
811,605242,Michael Fulmer,0,0,0,0,0,0,0,0,0,0,0,0,14,14,0
812,605244,Aramis Garcia,13,1,0,4,11,1,0,2,2,0,0,2,65,48,17
813,605253,Terrance Gore,1,0,0,0,0,0,0,0,1,0,0,0,15,2,13
814,605254,Daniel Gossett,1,0,0,0,1,0,0,0,0,0,0,0,7,7,0
815,605255,Brett Graves,0,0,0,0,0,0,0,0,0,0,0,0,2,0,2
816,605276,David Hess,0,0,0,0,0,0,0,0,0,0,0,0,3,3,0
817,605280,Clay Holmes,0,0,0,0,0,0,0,0,0,0,0,0,6,5,1
818,605357,Mike Marjama,1,4,0,1,1,3,0,0,0,1,0,1,32,23,9
819,605361,Nick Martini,33,9,0,1,29,5,0,1,4,4,0,0,182,147,35
820,605388,Adam Morgan,3,1,0,0,3,1,0,0,0,0,0,0,39,39,0
821,605396,Colton Murray,0,0,0,0,0,0,0,0,0,0,0,0,1,1,0
822,605397,Joe Musgrove,4,1,0,0,4,1,0,0,0,0,0,0,41,41,0
823,605400,Aaron Nola,6,2,0,0,6,2,0,0,0,0,0,0,156,156,0
824,605412,Joe Panik,250,65,0,22,200,55,0,17,50,10,0,5,1490,1151,339
825,605441,Yacksel Rios,0,0,0,0,0,0,0,0,0,0,0,0,2,2,0
826,605446,Dereck Rodriguez,2,1,0,0,2,1,0,0,0,0,0,0,39,38,1
827,605474,Matt Skole,2,0,0,1,2,0,0,1,0,0,0,0,13,11,2
828,605480,Mallex Smith,188,42,0,7,152,29,0,5,36,13,0,2,1044,811,233
829,605483,Blake Snell,0,0,0,0,0,0,0,0,0,0,0,0,13,13,0
830,605486,Cory Spangenberg,142,28,0,20,103,22,0,15,39,6,0,5,865,649,216
831,605498,Andrew Suarez,3,0,0,0,3,0,0,0,0,0,0,0,51,51,0
832,605508,Charlie Tilson,27,1,0,0,23,1,0,0,4,0,0,0,123,93,30
833,605509,Kelby Tomlinson,93,12,0,1,58,8,0,1,35,4,0,0,497,352,145
834,605513,Spencer Turnbull,0,0,0,0,0,0,0,0,0,0,0,0,2,2,0
835,605520,Mitch Walding,0,0,0,1,0,0,0,0,0,0,0,1,19,9,10
836,605538,Matt Wisler,7,0,0,0,7,0,0,0,0,0,0,0,65,62,3
837,605540,Brandon Woodruff,3,0,0,2,3,0,0,2,0,0,0,0,25,25,0
838,605548,Bradley Zimmer,64,20,0,10,53,17,0,6,11,3,0,4,440,345,95
839,605612,Harold Castro,3,0,0,0,1,0,0,0,2,0,0,0,10,5,5
840,605894,Severino Gonzalez,0,0,0,0,0,0,0,0,0,0,0,0,1,1,0
841,606115,Orlando Arcia,202,43,0,25,171,33,0,21,31,10,0,4,1148,894,254
842,606132,Raimel Tapia,42,14,0,3,30,9,0,3,12,5,0,0,240,164,76
843,606149,Giovanny Gallegos,0,0,0,0,0,0,0,0,0,0,0,0,1,1,0
844,606157,Aristides Aquino,0,0,0,0,0,0,0,0,0,0,0,0,1,1,0
845,606160,Rafael Montero,2,0,0,0,2,0,0,0,0,0,0,0,33,32,1
846,606162,Yefry Ramirez,0,0,0,0,0,0,0,0,0,0,0,0,2,2,0
847,606167,Adalberto Mejia,0,0,0,0,0,0,0,0,0,0,0,0,1,1,0
848,606192,Teoscar Hernandez,77,42,0,34,57,35,0,28,20,7,0,6,733,583,150
849,606273,Roenis Elias,1,0,0,0,1,0,0,0,0,0,0,0,2,2,0
850,606424,Jarlin Garcia,0,0,0,0,0,0,0,0,0,0,0,0,10,10,0
851,606466,Ketel Marte,215,58,0,21,161,49,0,15,54,9,0,6,1305,1002,303
852,606625,Reyes Moronta,0,0,0,0,0,0,0,0,0,0,0,0,1,1,0
853,606930,Jacob Barnes,0,0,0,0,0,0,0,0,0,0,0,0,1,1,0
854,606959,Rookie Davis,0,1,0,0,0,1,0,0,0,0,0,0,8,8,0
855,606965,Chris Devenski,0,0,0,0,0,0,0,0,0,0,0,0,1,1,0
856,606988,Grayson Greiner,15,6,0,0,10,6,0,0,5,0,0,0,116,91,25
857,606992,Eric Haase,2,0,0,0,1,0,0,0,1,0,0,0,17,9,8
858,607043,Brandon Nimmo,106,40,0,23,75,33,0,18,31,7,0,5,826,631,195
859,607054,Jace Peterson,116,38,0,12,86,27,0,6,30,11,0,6,868,648,220
860,607067,Colin Rea,4,0,0,0,4,0,0,0,0,0,0,0,39,37,2
861,607074,Carlos Rodon,1,1,0,0,1,1,0,0,0,0,0,0,10,10,0
862,607192,Tyler Glasnow,6,0,0,0,6,0,0,0,0,0,0,0,33,33,0
863,607200,Erick Fedde,1,0,0,0,1,0,0,0,0,0,0,0,22,22,0
864,607208,Trea Turner,282,66,0,42,227,54,0,39,55,12,0,3,1549,1243,306
865,607215,Eric Skoglund,0,0,0,0,0,0,0,0,0,0,0,0,3,3,0
866,607219,Sal Romano,1,2,0,0,1,2,0,0,0,0,0,0,70,70,0
867,607229,Robert Gsellman,6,0,0,0,6,0,0,0,0,0,0,0,64,62,2
868,607231,John Gant,0,0,0,2,0,0,0,2,0,0,0,0,47,46,1
869,607237,Amir Garrett,0,1,0,0,0,1,0,0,0,0,0,0,25,23,2
870,607297,O'Koyea Dickson,1,0,0,0,1,0,0,0,0,0,0,0,8,3,5
871,607309,Phil Klein,0,0,0,0,0,0,0,0,0,0,0,0,2,2,0
872,607333,Beau Taylor,0,1,0,0,0,1,0,0,0,0,0,0,6,4,2
873,607345,Kevan Smith,100,23,0,7,85,20,0,7,15,3,0,0,498,386,112
874,607352,Joe Biagini,0,0,0,0,0,0,0,0,0,0,0,0,3,3,0
875,607359,Spencer Patton,0,0,0,0,0,0,0,0,0,0,0,0,2,1,1
876,607369,Travis Taijeron,6,2,0,1,4,2,0,1,2,0,0,0,59,45,14
877,607374,Nick Tropeano,0,0,0,0,0,0,0,0,0,0,0,0,2,2,0
878,607387,Ryan Rua,83,17,0,17,73,16,0,12,10,1,0,5,559,432,127
879,607430,John Andreoli,12,2,0,0,9,0,0,0,3,2,0,0,67,55,12
880,607455,Anthony Banda,0,0,0,0,0,0,0,0,0,0,0,0,6,6,0
881,607457,Kyle Barraclough,0,0,0,0,0,0,0,0,0,0,0,0,2,2,0
882,607468,Alex Blandino,25,4,0,1,18,3,0,0,7,1,0,1,146,102,44
883,607471,Christopher Bostick,8,3,0,0,5,2,0,0,3,1,0,0,50,36,14
884,607536,Kyle Freeland,10,3,0,1,10,3,0,1,0,0,0,0,129,129,0
885,607625,Seth Lugo,4,3,0,1,4,3,0,1,0,0,0,0,65,64,1
886,607680,Kevin Pillar,270,112,0,38,216,90,0,25,54,22,0,13,1785,1387,398
887,607732,Jacob Stallings,16,3,0,0,7,3,0,0,9,0,0,0,72,50,22
888,607752,Sam Travis,18,9,0,1,12,8,0,1,6,1,0,0,122,89,33
889,607776,Mac Williamson,39,9,0,13,28,6,0,10,11,3,0,3,306,240,66
890,607968,Drew Rucinski,0,0,0,0,0,0,0,0,0,0,0,0,4,4,0
891,608324,Alex Bregman,222,107,0,64,172,84,0,48,50,23,0,16,1652,1309,343
892,608325,Gavin Cecchini,13,4,0,1,10,3,0,1,3,1,0,0,88,64,24
893,608331,Max Fried,1,0,0,0,1,0,0,0,0,0,0,0,17,17,0
894,608336,Joey Gallo,69,41,0,82,57,29,0,72,12,12,0,10,1124,870,254
895,608337,Lucas Giolito,1,0,0,0,1,0,0,0,0,0,0,0,12,12,0
896,608348,Carson Kelly,14,4,0,0,10,1,0,0,4,3,0,0,131,85,46
897,608365,Addison Russell,210,70,0,42,166,54,0,35,44,16,0,7,1527,1191,336
898,608369,Corey Seager,257,80,0,53,213,61,0,45,44,19,0,8,1496,1194,302
899,608371,Lucas Sims,1,0,0,0,1,0,0,0,0,0,0,0,20,20,0
900,608379,Michael Wacha,5,0,0,0,4,0,0,0,1,0,0,0,131,130,1
901,608385,Jesse Winker,81,23,0,14,63,21,0,9,18,2,0,5,458,356,102
902,608475,Dawel Lugo,14,4,0,1,11,4,0,0,3,0,0,1,101,78,23
903,608566,German Marquez,22,2,0,1,22,2,0,1,0,0,0,0,125,125,0
904,608577,Nomar Mazara,268,68,0,59,211,60,0,48,57,8,0,11,1708,1374,334
905,608597,Ronald Guzman,55,18,0,16,38,13,0,15,17,5,0,1,427,318,109
906,608648,Tyler Duffey,0,0,0,0,0,0,0,0,0,0,0,0,2,2,0
907,608650,Dietrich Enns,1,0,0,0,1,0,0,0,0,0,0,0,2,2,0
908,608652,Luke Farrell,0,0,0,0,0,0,0,0,0,0,0,0,5,2,3
909,608654,Johnny Field,27,13,0,9,16,10,0,6,11,3,0,3,234,177,57
910,608665,Kendall Graveman,0,0,0,0,0,0,0,0,0,0,0,0,6,6,0
911,608671,Travis Jankowski,148,27,0,6,116,22,0,5,32,5,0,1,860,648,212
912,608700,Kevin Plawecki,64,23,0,11,47,21,0,9,17,2,0,2,537,392,145
913,608701,Rob Refsnyder,50,14,0,2,43,10,0,2,7,4,0,0,370,298,72
914,608718,Brent Suter,6,1,0,1,6,1,0,1,0,0,0,0,53,53,0
915,608723,Austin Voth,0,0,0,0,0,0,0,0,0,0,0,0,2,2,0
916,609275,Adalberto Mondesi,72,15,0,17,51,13,0,13,21,2,0,4,503,382,121
917,609280,Miguel Andujar,98,49,0,27,71,39,0,23,27,10,0,4,626,491,135
918,611093,Silvino Bracho,0,0,0,0,0,0,0,0,0,0,0,0,1,0,1
919,611177,Adonis Garcia,134,33,0,19,107,22,0,13,27,11,0,6,747,582,165
920,612672,Wei-Yin Chen,6,1,0,0,6,1,0,0,0,0,0,0,99,98,1
921,614173,Franchy Cordero,32,8,0,10,30,7,0,9,2,1,0,1,254,206,48
922,614177,Franmil Reyes,48,9,0,16,40,8,0,13,8,1,0,3,287,235,52
923,620439,Franklin Barreto,17,5,0,7,12,4,0,4,5,1,0,3,151,111,40
924,620443,Luis Torrens,16,3,0,0,13,3,0,0,3,0,0,0,136,98,38
925,620446,Richard Urena,33,8,0,2,23,5,0,0,10,3,0,2,184,135,49
926,620982,Ricardo Pinto,0,0,0,0,0,0,0,0,0,0,0,0,1,1,0
927,621020,Dansby Swanson,178,53,0,23,130,40,0,20,48,13,0,3,1191,908,283
928,621028,Kevin Newman,17,2,0,0,12,1,0,0,5,1,0,0,96,72,24
929,621043,Carlos Correa,256,85,0,64,207,66,0,53,49,19,0,11,1705,1360,345
930,621044,Jesmuel Valentin,7,5,0,1,6,4,0,0,1,1,0,1,89,55,34
931,621107,Zach Eflin,10,2,0,1,9,2,0,1,1,0,0,0,95,92,3
932,621111,Walker Buehler,7,0,0,0,7,0,0,0,0,0,0,0,55,55,0
933,621112,Paul Blackburn,0,0,0,0,0,0,0,0,0,0,0,0,5,5,0
934,621141,Walker Lockett,0,0,0,0,0,0,0,0,0,0,0,0,5,5,0
935,621209,Jon Moscot,0,0,0,0,0,0,0,0,0,0,0,0,7,7,0
936,621219,Alec Mills,1,0,0,0,1,0,0,0,0,0,0,0,5,5,0
937,621244,Jose Berrios,2,0,0,0,2,0,0,0,0,0,0,0,10,10,0
938,621249,Duane Underwood Jr.,0,0,0,0,0,0,0,0,0,0,0,0,1,1,0
939,621261,Corey Oswalt,0,0,0,0,0,0,0,0,0,0,0,0,20,20,0
940,621295,Nick Wittgren,0,0,0,0,0,0,0,0,0,0,0,0,4,3,1
941,621311,David Dahl,85,23,0,23,67,21,0,20,18,2,0,3,519,395,124
942,621381,Matt Strahm,0,0,0,0,0,0,0,0,0,0,0,0,8,7,1
943,621389,Ty Blach,10,2,0,1,9,2,0,1,1,0,0,0,89,79,10
944,621433,Brett Phillips,33,7,0,6,29,5,0,6,4,2,0,0,243,183,60
945,621439,Byron Buxton,122,37,0,26,102,32,0,22,20,5,0,4,930,739,191
946,621446,Lewis Brinson,47,10,0,13,36,8,0,9,11,2,0,4,440,344,96
947,621453,Steven Duggar,22,11,0,2,13,9,0,2,9,2,0,0,152,116,36
948,621466,DJ Stewart,4,3,0,3,3,1,0,2,1,2,0,1,47,35,12
949,621493,Taylor Ward,15,3,0,6,13,3,0,5,2,0,0,1,147,120,27
950,621512,Tomas Nido,12,4,0,1,9,4,0,1,3,0,0,0,100,77,23
951,621514,Christin Stewart,12,1,0,2,11,1,0,2,1,0,0,0,72,57,15
952,621550,Patrick Wisdom,8,1,0,4,5,1,0,2,3,0,0,2,58,33,25
953,621559,Max Moroff,23,5,0,6,13,5,0,3,10,0,0,3,208,142,66
954,621563,Joey Wendle,125,35,0,9,94,29,0,7,31,6,0,2,654,518,136
955,621573,Austin Dean,17,4,0,4,16,4,0,3,1,0,0,1,123,103,20
956,622072,Alex Wood,9,0,0,0,8,0,0,0,1,0,0,0,127,126,1
957,622075,Yency Almonte,0,0,0,0,0,0,0,0,0,0,0,0,1,0,1
958,622168,Yairo Munoz,57,16,0,8,35,12,0,6,22,4,0,2,321,220,101
959,622210,Ian Parmley,0,0,0,0,0,0,0,0,0,0,0,0,4,3,1
960,622217,Chris O'Grady,0,0,0,0,0,0,0,0,0,0,0,0,9,9,0
961,622226,Dylan Cozens,3,2,0,1,3,1,0,0,0,1,0,1,44,29,15
962,622270,Alex Mejia,4,0,0,1,2,0,0,0,2,0,0,1,50,32,18
963,622441,Rafael Bautista,4,0,0,0,4,0,0,0,0,0,0,0,33,22,11
964,622446,Jefry Rodriguez,2,1,0,0,2,1,0,0,0,0,0,0,18,18,0
965,622492,Keury Mella,0,0,0,0,0,0,0,0,0,0,0,0,2,2,0
966,622534,Manuel Margot,167,48,0,21,131,42,0,19,36,6,0,2,1070,852,218
967,622554,Seranthony Dominguez,0,0,0,0,0,0,0,0,0,0,0,0,2,0,2
968,622608,Antonio Senzatela,4,2,0,0,4,2,0,0,0,0,0,0,68,67,1
969,622666,Johan Camargo,124,48,0,23,95,36,0,17,29,12,0,6,792,606,186
970,622694,Elieser Hernandez,0,0,0,0,0,0,0,0,0,0,0,0,11,10,1
971,622713,Engelb Vielma,1,0,0,0,1,0,0,0,0,0,0,0,8,7,1
972,622795,Yohander Mendez,0,0,0,0,0,0,0,0,0,0,0,0,2,2,0
973,622864,Fernando Romero,0,0,0,0,0,0,0,0,0,0,0,0,3,3,0
974,623149,Paul Sewald,0,0,0,0,0,0,0,0,0,0,0,0,8,7,1
975,623167,Chris Flexen,1,1,0,0,1,1,0,0,0,0,0,0,14,14,0
976,623182,Patrick Kivlehan,26,5,0,10,14,3,0,8,12,2,0,2,241,149,92
977,623205,Andrew Velazquez,2,1,0,0,2,1,0,0,0,0,0,0,12,7,5
978,623214,Abiatal Avelino,3,0,0,0,3,0,0,0,0,0,0,0,11,10,1
979,623352,Josh Hader,1,0,0,0,1,0,0,0,0,0,0,0,7,7,0
980,623395,Brian Ellington,0,0,0,0,0,0,0,0,0,0,0,0,2,1,1
981,623451,Jackson Stephens,2,0,0,0,2,0,0,0,0,0,0,0,9,9,0
982,623520,David Bote,27,9,0,6,20,6,0,3,7,3,0,3,213,161,52
983,623993,Anthony Santander,18,8,0,1,12,6,0,1,6,2,0,0,135,98,37
984,624133,Ranger Suarez,0,0,0,0,0,0,0,0,0,0,0,0,6,6,0
985,624407,Tzu-Wei Lin,21,6,0,1,16,2,0,0,5,4,0,1,139,96,43
986,624414,Christian Arroyo,26,7,0,4,23,4,0,3,3,3,0,1,194,149,45
987,624419,Nick Ciuffo,5,1,0,1,4,1,0,1,1,0,0,0,44,38,6
988,624424,Michael Conforto,167,66,0,67,133,56,0,56,34,10,0,11,1415,1106,309
989,624428,Adam Frazier,164,50,0,18,134,40,0,12,30,10,0,6,955,730,225
990,624431,Jose Trevino,2,0,0,0,1,0,0,0,1,0,0,0,8,6,2
991,624507,Ryder Jones,18,5,0,4,14,4,0,2,4,1,0,2,170,134,36
992,624512,Reese McGuire,4,3,0,2,2,2,0,1,2,1,0,1,33,25,8
993,624577,Yasiel Puig,225,64,0,67,170,57,0,51,55,7,0,16,1502,1155,347
994,624585,Jorge Soler,73,32,0,23,58,28,0,16,15,4,0,7,643,512,131
995,624586,James Hoyt,0,0,0,0,0,0,0,0,0,0,0,0,1,0,1
996,624636,Carlos Tocci,22,3,0,0,18,3,0,0,4,0,0,0,131,97,34
997,624641,Edmundo Sosa,0,0,0,0,0,0,0,0,0,0,0,0,3,0,3
998,625643,Reynaldo Lopez,1,0,0,0,1,0,0,0,0,0,0,0,15,14,1
999,627500,Jen-Ho Tseng,0,0,0,0,0,0,0,0,0,0,0,0,1,1,0
1000,627894,Luiz Gohara,0,0,0,0,0,0,0,0,0,0,0,0,12,11,1
1001,628317,Kenta Maeda,13,2,0,1,13,2,0,1,0,0,0,0,151,147,4
1002,628318,Kazuhisa Makita,0,0,0,0,0,0,0,0,0,0,0,0,3,2,1
1003,628329,Rusney Castillo,1,1,0,0,1,1,0,0,0,0,0,0,8,6,2
1004,628333,Odrisamer Despaigne,3,0,0,0,3,0,0,0,0,0,0,0,23,23,0
1005,628338,Guillermo Heredia,142,33,0,12,108,28,0,8,34,5,0,4,867,679,188
1006,628452,Raisel Iglesias,1,1,0,0,0,1,0,0,1,0,0,0,15,11,4
1007,628711,Julio Urias,4,0,0,0,4,0,0,0,0,0,0,0,35,34,1
1008,630023,Yonny Chirinos,0,0,0,0,0,0,0,0,0,0,0,0,1,1,0
1009,630111,Yasmany Tomas,102,41,0,39,81,37,0,30,21,4,0,9,747,578,169
1010,640447,Phil Ervin,47,12,0,10,36,10,0,9,11,2,0,1,308,231,77
1011,640449,Clint Frazier,20,12,0,4,18,9,0,3,2,3,0,1,184,148,36
1012,640455,Sean Manaea,1,0,0,0,1,0,0,0,0,0,0,0,12,12,0
1013,640457,Austin Meadows,34,9,0,6,26,6,0,4,8,3,0,2,189,144,45
1014,640460,Dustin Peterson,0,0,0,0,0,0,0,0,0,0,0,0,2,1,1
1015,640461,Chad Pinder,94,31,0,29,74,24,0,25,20,7,0,4,694,531,163
1016,640463,Braden Shipley,2,1,0,0,2,1,0,0,0,0,0,0,35,34,1
1017,641149,Wes Parsons,0,0,0,0,0,0,0,0,0,0,0,0,1,1,0
1018,641319,Carlos Asuaje,92,23,0,6,69,21,0,6,23,2,0,0,575,451,124
1019,641341,Tyler Bashlor,0,0,0,0,0,0,0,0,0,0,0,0,1,1,0
1020,641343,Jake Bauers,30,22,0,11,23,16,0,7,7,6,0,4,388,306,82
1021,641355,Cody Bellinger,154,59,0,68,112,53,0,43,42,6,0,25,1276,989,287
1022,641432,Willie Calhoun,23,5,0,3,18,4,0,3,5,1,0,0,145,113,32
1023,641438,Shane Carle,0,0,0,0,0,0,0,0,0,0,0,0,4,3,1
1024,641477,Ryan Cordell,2,1,0,1,1,1,0,0,1,0,0,1,40,27,13
1025,641525,Brandon Dixon,10,6,0,5,7,4,0,2,3,2,0,3,124,75,49
1026,641531,Hunter Dozier,52,20,0,11,41,17,0,7,11,3,0,4,410,319,91
1027,641553,Adam Engel,102,27,0,12,77,22,0,7,25,5,0,5,790,623,167
1028,641571,Heath Fillmyer,0,1,0,0,0,1,0,0,0,0,0,0,5,5,0
1029,641583,Dustin Fowler,32,3,0,6,20,2,0,4,12,1,0,2,203,158,45
1030,641598,Mitch Garver,58,20,0,7,46,13,0,5,12,7,0,2,386,291,95
1031,641645,Luis Guillorme,12,2,0,0,9,1,0,0,3,1,0,0,74,50,24
1032,641658,Garrett Hampson,7,3,0,0,5,1,0,0,2,2,0,0,49,32,17
1033,641684,Michael Hermosillo,7,4,0,1,5,3,0,1,2,1,0,0,62,49,13
1034,641712,Dakota Hudson,0,0,0,0,0,0,0,0,0,0,0,0,1,1,0
1035,641745,Brad Keller,1,0,0,0,1,0,0,0,0,0,0,0,3,3,0
1036,641771,Chad Kuhl,8,2,0,0,8,2,0,0,0,0,0,0,105,102,3
1037,641778,Eric Lauer,1,1,0,0,1,1,0,0,0,0,0,0,37,37,0
1038,641796,Tim Locastro,1,1,0,0,1,1,0,0,0,0,0,0,15,11,4
1039,641816,Tyler Mahle,3,1,0,0,3,1,0,0,0,0,0,0,42,41,1
1040,641820,Trey Mancini,196,50,0,51,158,42,0,42,38,8,0,9,1230,972,258
1041,641851,Kyle McGowin,0,0,0,0,0,0,0,0,0,0,0,0,2,2,0
1042,641924,Jacob Nottingham,3,1,0,0,3,1,0,0,0,0,0,0,25,19,6
1043,641933,Tyler O'Neill,19,5,0,9,15,4,0,6,4,1,0,3,142,107,35
1044,641941,Emilio Pagan,0,0,0,0,0,0,0,0,0,0,0,0,2,1,1
1045,641958,Jordan Patterson,7,1,0,0,4,1,0,0,3,0,0,0,19,10,9
1046,642008,Jacob Rhame,0,0,0,0,0,0,0,0,0,0,0,0,1,1,0
1047,642082,Chance Sisco,21,10,0,4,14,9,0,2,7,1,0,2,204,139,65
1048,642133,Rowdy Tellez,9,9,0,4,5,5,0,4,4,4,0,0,73,53,20
1049,642156,Stuart Turner,6,3,0,2,4,3,0,1,2,0,0,1,89,61,28
1050,642162,Pat Valaika,38,18,0,16,25,11,0,11,13,7,0,5,349,228,121
1051,642180,Tyler Wade,11,7,0,1,8,6,0,1,3,1,0,0,125,85,40
1052,642231,Jimmy Yacabonis,0,0,0,0,0,0,0,0,0,0,0,0,2,2,0
1053,642232,Ryan Yarbrough,0,0,0,0,0,0,0,0,0,0,0,0,3,3,0
1054,642239,Rob Zastryzny,1,0,0,0,1,0,0,0,0,0,0,0,6,6,0
1055,642423,Magneuris Sierra,44,3,0,0,35,2,0,0,9,1,0,0,220,163,57
1056,642545,Jaime Barria,0,0,0,0,0,0,0,0,0,0,0,0,5,5,0
1057,642547,Freddy Peralta,1,0,0,0,1,0,0,0,0,0,0,0,28,28,0
1058,642558,Ariel Jurado,0,0,0,0,0,0,0,0,0,0,0,0,1,1,0
1059,642571,Merandy Gonzalez,1,0,0,0,0,0,0,0,1,0,0,0,4,3,1
1060,642701,Dennis Santana,0,1,0,0,0,1,0,0,0,0,0,0,2,2,0
1061,642707,Allen Cordoba,34,2,0,4,22,2,0,4,12,0,0,0,226,162,64
1062,642708,Amed Rosario,126,30,0,13,100,26,0,8,26,4,0,5,751,592,159
1063,642715,Willy Adames,63,7,0,10,54,4,0,8,9,3,0,2,322,259,63
1064,642851,Austin Wynns,22,2,0,4,17,1,0,4,5,1,0,0,118,90,28
1065,643217,Andrew Benintendi,245,83,0,40,190,71,0,35,55,12,0,5,1507,1187,320
1066,643230,Steven Brault,6,2,0,0,6,2,0,0,0,0,0,0,43,39,4
1067,643256,Adam Cimber,0,0,0,0,0,0,0,0,0,0,0,0,4,4,0
1068,643265,Garrett Cooper,13,6,0,0,11,5,0,0,2,1,0,0,76,61,15
1069,643297,Cody Ege,1,0,0,0,1,0,0,0,0,0,0,0,1,1,0
1070,643327,Zack Godley,7,0,0,0,6,0,0,0,1,0,0,0,139,137,2
1071,643354,Donnie Hart,0,0,0,0,0,0,0,0,0,0,0,0,1,0,1
1072,643376,Danny Jansen,11,6,0,3,6,6,0,2,5,0,0,1,95,71,24
1073,643393,Tony Kemp,73,21,0,8,57,17,0,7,16,4,0,1,488,360,128
1074,643396,Isiah Kiner-Falefa,69,18,0,4,54,15,0,2,15,3,0,2,395,304,91
1075,643414,Kyle Lloyd,0,0,0,0,0,0,0,0,0,0,0,0,1,1,0
1076,643446,Jeff McNeil,54,11,0,3,46,9,0,3,8,2,0,0,247,193,54
1077,643466,Harrison Musgrave,0,0,0,0,0,0,0,0,0,0,0,0,3,3,0
1078,643493,Austin Pruitt,0,0,0,0,0,0,0,0,0,0,0,0,0,0,0
1079,643565,Mike Tauchman,7,1,0,0,7,1,0,0,0,0,0,0,67,45,22
1080,644337,Nate Orf,1,0,0,1,1,0,0,1,0,0,0,0,25,18,7
1081,644428,Troy Scribner,0,0,0,0,0,0,0,0,0,0,0,0,1,1,0
1082,645261,Sandy Alcantara,0,0,0,0,0,0,0,0,0,0,0,0,13,13,0
1083,645277,Ozzie Albies,143,49,0,29,112,41,0,25,31,8,0,4,930,733,197
1084,645848,Dariel Alvarez,0,1,0,0,0,1,0,0,0,0,0,0,4,4,0
1085,646240,Rafael Devers,112,37,0,34,84,30,0,30,28,7,0,4,764,593,171
1086,647336,Mike Soroka,1,0,0,0,1,0,0,0,0,0,0,0,8,8,0
1087,649557,Aledmys Diaz,190,71,0,42,159,51,0,31,31,20,0,11,1203,946,257
1088,649966,Luis Urias,7,1,0,2,5,1,0,1,2,0,0,1,53,42,11
1089,650402,Gleyber Torres,80,16,0,24,59,14,0,19,21,2,0,5,499,387,112
1090,650490,Yandy Diaz,58,14,0,1,47,13,0,1,11,1,0,0,301,242,59
1091,650619,Meibrys Viloria,5,2,0,0,5,0,0,0,0,2,0,0,29,20,9
1092,656185,Greg Allen,58,12,0,3,43,11,0,2,15,1,0,1,331,241,90
1093,656222,Jalen Beeks,0,0,0,0,0,0,0,0,0,0,0,0,2,2,0
1094,656257,Jeff Brigham,1,0,0,0,1,0,0,0,0,0,0,0,4,4,0
1095,656555,Rhys Hoskins,82,43,0,51,61,33,0,44,21,10,0,7,859,693,166
1096,656669,Jordan Luplow,19,4,0,6,13,2,0,4,6,2,0,2,190,148,42
1097,656725,Alex McRae,0,0,0,0,0,0,0,0,0,0,0,0,2,2,0
1098,656738,Ben Meyer,0,0,0,0,0,0,0,0,0,0,0,0,1,1,0
1099,656775,Cedric Mullins,27,9,0,4,20,6,0,3,7,3,0,1,191,152,39
1100,656794,Sean Newcomb,2,1,0,0,2,1,0,0,0,0,0,0,89,89,0
1101,656798,Jacob Nix,0,0,0,0,0,0,0,0,0,0,0,0,16,16,0
1102,656803,James Norwood,0,0,0,0,0,0,0,0,0,0,0,0,3,1,2
1103,656887,Sean Reid-Foley,0,0,0,0,0,0,0,0,0,0,0,0,3,3,0
1104,656941,Kyle Schwarber,106,30,0,55,90,26,0,50,16,4,0,5,1007,821,186
1105,656977,Chad Sobotka,1,0,0,0,0,0,0,0,1,0,0,0,1,0,1
1106,657053,Touki Toussaint,1,0,0,0,1,0,0,0,0,0,0,0,10,10,0
1107,657077,Alex Verdugo,16,6,0,2,9,5,0,1,7,1,0,1,111,73,38
1108,657145,Mark Zagunis,1,1,0,0,1,1,0,0,0,0,0,0,24,18,6
1109,657524,John Bormann,0,0,0,0,0,0,0,0,0,0,0,0,1,0,1
1110,657557,Paul DeJong,125,51,0,44,95,38,0,32,30,13,0,12,922,714,208
1111,657571,Caleb Ferguson,1,0,0,0,1,0,0,0,0,0,0,0,5,3,2
1112,657656,Ramon Laureano,27,12,0,5,23,10,0,4,4,2,0,1,180,141,39
1113,657658,Braxton Lee,3,0,0,0,2,0,0,0,1,0,0,0,13,9,4
1114,657681,Kyle McGrath,0,0,0,0,0,0,0,0,0,0,0,0,1,0,1
1115,658792,Aaron Wilkerson,0,0,0,0,0,0,0,0,0,0,0,0,6,5,1
1116,659275,Dinelson Lamet,3,0,0,0,3,0,0,0,0,0,0,0,38,38,0
1117,660162,Yoan Moncada,112,40,0,24,97,31,0,22,15,9,0,2,892,712,180
1118,660271,Shohei Ohtani,47,21,0,22,31,15,0,19,16,6,0,3,360,276,84
1119,660670,Ronald Acuna Jr.,72,27,0,27,57,23,0,21,15,4,0,6,502,405,97
1120,663465,Kolby Allard,1,0,0,0,1,0,0,0,0,0,0,0,3,3,0
1121,664023,Ian Happ,103,36,0,38,75,26,0,32,28,10,0,6,858,659,199
1122,664056,Harrison Bader,80,23,0,15,64,17,0,13,16,6,0,2,516,391,125
1123,664057,Andrew Stevenson,23,4,0,1,18,3,0,1,5,1,0,0,152,105,47
1124,664058,David Fletcher,57,18,0,1,48,16,0,1,9,2,0,0,308,245,63
1125,664068,Scott Kingery,67,21,0,8,54,18,0,7,13,3,0,1,476,370,106
1126,664167,Blake Trahan,3,0,0,0,2,0,0,0,1,0,0,0,14,10,4
1127,664192,Joey Lucchesi,2,0,0,0,2,0,0,0,0,0,0,0,37,37,0
1128,664641,Ariel Miranda,0,0,0,0,0,0,0,0,0,0,0,0,6,6,0
1129,664702,Myles Straw,2,0,0,1,2,0,0,1,0,0,0,0,10,7,3
1130,664842,Kevin Kaczmarski,0,0,0,0,0,0,0,0,0,0,0,0,5,5,0
1131,666561,Jae-gyun Hwang,6,1,0,1,6,0,0,1,0,1,0,0,57,47,10
1132,666969,Adolis Garcia,1,1,0,0,0,0,0,0,1,1,0,0,17,10,7
1133,666971,Lourdes Gurriel Jr.,51,8,0,11,42,7,0,7,9,1,0,4,262,201,61
1134,669060,Bryse Wilson,0,0,0,0,0,0,0,0,0,0,0,0,2,2,0
1135,669203,Corbin Burnes,0,0,0,0,0,0,0,0,0,0,0,0,1,1,0
1136,669456,Shane Bieber,0,1,0,0,0,1,0,0,0,0,0,0,5,5,0
1137,669720,Austin Hays,9,3,0,1,7,2,0,0,2,1,0,1,63,49,14
1138,670950,Trevor Richards,2,0,0,0,2,0,0,0,0,0,0,0,36,36,0
1139,673633,Yoshihisa Hirano,0,0,0,0,0,0,0,0,0,0,0,0,1,0,1
